Alkaline_Phosphotase,Age,Total_Bilirubin,Aspartate_Aminotransferase,Alamine_Aminotransferase,Direct_Bilirubin,Total_Protiens,Dataset
5.187385805840755,19,0.8754687373538999,3.295836866004329,2.639057329615259,0.5877866649021191,8.0,0
6.430525604644662,12,0.6931471805599453,4.6913478822291435,4.962844630259907,0.18232155679395462,7.2,1
5.3706380281276624,60,1.9021075263969205,5.075173815233827,4.962844630259907,1.33500106673234,7.3,1
5.093750200806762,42,0.4054651081081644,4.6913478822291435,4.962844630259907,0.09531017980432487,8.1,1
5.883322388488279,40,2.2407096892759584,4.330733340286331,3.9318256327243257,1.3862943611198906,5.7,1
5.54907608489522,33,0.5306282510621704,3.4339872044851463,3.091042453358316,0.18232155679395462,8.5,1
5.241747015059643,24,0.5306282510621704,2.3978952727983707,2.4849066497880004,0.18232155679395462,5.5,0
5.147494476813453,60,0.5306282510621704,3.295836866004329,3.4657359027997265,0.18232155679395462,7.0,0
5.298317366548036,18,0.5877866649021191,3.4657359027997265,3.5553480614894135,0.18232155679395462,6.5,0
5.293304824724492,67,1.1631508098056809,3.6888794541139363,3.7612001156935624,0.7419373447293773,7.2,1
5.293304824724492,42,0.5877866649021191,2.995732273553991,3.4011973816621555,0.18232155679395462,6.6,0
5.231108616854587,19,0.5306282510621704,5.075173815233827,4.962844630259907,0.18232155679395462,5.5,1
5.262690188904886,50,0.5306282510621704,2.772588722239781,2.9444389791664403,0.18232155679395462,7.4,0
5.308267697401205,64,0.7419373447293773,2.995732273553991,2.9444389791664403,0.33647223662121295,6.9,1
6.430525604644662,55,2.2407096892759584,4.060443010546419,3.8918202981106265,1.3862943611198906,6.4,1
5.25227342804663,65,1.7749523509116738,4.276666119016055,3.5263605246161616,1.308332819650179,7.1,1
5.459585514144159,74,0.6418538861723948,2.995732273553991,2.833213344056216,0.26236426446749106,7.9,1
5.14166355650266,63,0.4054651081081644,3.367295829986474,3.091042453358316,0.09531017980432487,5.5,1
5.375278407684165,90,0.7419373447293773,4.90527477843843,3.8501476017100584,0.26236426446749106,6.9,1
5.389071729816501,75,1.3609765531356006,3.6375861597263857,3.5263605246161616,0.832909122935104,3.0,1
5.3471075307174685,45,1.1631508098056809,3.044522437723423,3.258096538021482,0.5877866649021191,8.0,1
5.3981627015177525,70,0.6418538861723948,4.564348191467836,3.9889840465642745,0.26236426446749106,6.1,1
6.19644412779452,62,2.1162555148025524,4.23410650459726,4.110873864173311,1.3862943611198906,7.0,1
5.3981627015177525,73,1.0296194171811583,3.784189633918261,3.044522437723423,0.6418538861723948,6.5,1
6.0063531596017325,75,1.0296194171811583,3.9318256327243257,4.382026634673881,0.5877866649021191,6.1,1
5.342334251964811,57,0.5306282510621704,4.584967478670572,3.58351893845611,0.18232155679395462,5.1,1
5.60947179518496,42,2.2407096892759584,4.127134385045092,3.4657359027997265,1.3862943611198906,5.8,1
6.2166061010848646,60,0.4054651081081644,3.5553480614894135,3.044522437723423,0.09531017980432487,5.9,0
4.983606621708336,37,1.0296194171811583,4.07753744390572,4.143134726391533,0.5877866649021191,5.7,1
5.241747015059643,84,0.5306282510621704,3.091042453358316,2.639057329615259,0.18232155679395462,6.0,0
5.700443573390686,34,2.2407096892759584,4.9344739331306915,4.07753744390572,1.3862943611198906,5.8,1
5.5093883366279774,41,0.7884573603642702,3.7612001156935624,3.5553480614894135,0.4054651081081644,6.9,1
5.556828061699537,33,1.0986122886681096,5.030437921392435,4.962844630259907,0.6931471805599453,5.4,1
5.25227342804663,55,0.6418538861723948,3.367295829986474,3.258096538021482,0.18232155679395462,5.9,1
5.003946305945459,49,0.5306282510621704,2.5649493574615367,2.70805020110221,0.09531017980432487,5.4,0
5.37989735354046,38,1.547562508716013,5.075173815233827,4.962844630259907,1.1631508098056809,7.8,1
6.226536669287466,33,0.9162907318741551,4.948759890378168,4.962844630259907,1.3862943611198906,7.5,1
5.389071729816501,54,0.5877866649021191,2.995732273553991,3.044522437723423,0.18232155679395462,6.3,1
5.634789603169249,35,0.5877866649021191,3.258096538021482,3.044522437723423,0.18232155679395462,7.2,1
5.241747015059643,45,2.2407096892759584,3.4965075614664802,3.8712010109078907,1.3862943611198906,5.4,1
5.209486152841421,65,0.5306282510621704,3.367295829986474,3.1780538303479458,0.18232155679395462,6.8,0
5.247024072160486,45,0.6418538861723948,3.5263605246161616,3.1780538303479458,0.26236426446749106,6.6,1
6.180016653652572,55,0.5877866649021191,4.605170185988092,4.727387818712341,0.18232155679395462,5.7,1
5.351858133476067,57,0.4700036292457356,4.0943445622221,3.9512437185814275,0.09531017980432487,5.9,1
5.484796933490655,32,0.5306282510621704,2.772588722239781,2.5649493574615367,0.09531017980432487,7.0,1
5.393627546352361,42,1.308332819650179,5.075173815233827,4.110873864173311,0.832909122935104,7.0,1
5.043425116919247,26,0.6418538861723948,2.5649493574615367,2.833213344056216,0.18232155679395462,7.0,1
5.278114659230518,42,0.5877866649021191,2.772588722239781,2.9444389791664403,0.18232155679395462,6.7,1
5.111987788356544,32,0.5306282510621704,3.4011973816621555,3.4657359027997265,0.18232155679395462,6.1,0
5.655991810819852,42,2.2407096892759584,4.875197323201151,4.189654742026425,1.3862943611198906,5.2,1
5.497168225293202,27,0.5306282510621704,3.1780538303479458,3.091042453358316,0.18232155679395462,5.3,0
5.645446897643238,48,1.7047480922384253,4.31748811353631,2.639057329615259,1.1939224684724346,7.0,1
5.327876168789581,75,0.5877866649021191,3.2188758248682006,3.332204510175204,0.18232155679395462,4.4,1
6.430525604644662,75,2.2407096892759584,3.7612001156935624,4.276666119016055,1.3862943611198906,5.3,1
6.430525604644662,60,1.0986122886681096,4.653960350157523,3.970291913552122,0.7419373447293773,6.0,1
5.231108616854587,68,0.5306282510621704,2.772588722239781,2.9444389791664403,0.18232155679395462,6.4,1
5.0369526024136295,45,0.5306282510621704,3.7612001156935624,3.7376696182833684,0.18232155679395462,4.5,0
5.293304824724492,49,0.5877866649021191,3.044522437723423,3.1780538303479458,0.18232155679395462,7.0,1
4.990432586778736,65,0.5877866649021191,3.4011973816621555,2.8903717578961645,0.09531017980432487,5.9,0
5.3612921657094255,23,0.6931471805599453,4.394449154672439,3.7376696182833684,0.26236426446749106,6.2,1
6.251903883165888,31,0.6418538861723948,2.8903717578961645,4.962844630259907,0.18232155679395462,5.3,1
6.066108090103747,50,0.9932517730102834,3.4965075614664802,3.367295829986474,0.4700036292457356,6.8,1
5.855071922202427,4,0.6418538861723948,3.5553480614894135,3.4339872044851463,0.18232155679395462,8.0,0
5.25227342804663,57,1.6094379124341003,4.718498871295094,3.828641396489095,1.0647107369924282,5.2,1
5.147494476813453,52,0.4700036292457356,2.833213344056216,3.1354942159291497,0.09531017980432487,6.6,1
5.351858133476067,26,0.9932517730102834,4.04305126783455,4.143134726391533,0.4700036292457356,5.4,1
5.313205979041787,40,0.5306282510621704,3.4011973816621555,3.6375861597263857,0.09531017980432487,5.0,1
5.857933154483459,55,1.5260563034950494,4.2626798770413155,3.713572066704308,0.9555114450274365,7.2,1
5.170483995038151,74,0.6931471805599453,3.4965075614664802,3.4339872044851463,0.26236426446749106,6.4,1
5.62040086571715,47,1.308332819650179,4.304065093204169,4.820281565605037,0.832909122935104,6.2,1
5.308267697401205,65,0.5877866649021191,3.1354942159291497,2.9444389791664403,0.18232155679395462,5.4,0
6.1463292576688975,60,2.2407096892759584,3.970291913552122,3.8501476017100584,1.3862943611198906,6.1,1
5.2832037287379885,72,0.5306282510621704,3.58351893845611,3.044522437723423,0.09531017980432487,5.8,1
4.330733340286331,29,0.6931471805599453,3.295836866004329,3.258096538021482,0.26236426446749106,5.1,1
6.326149473155099,54,2.2407096892759584,3.6375861597263857,3.4339872044851463,1.3862943611198906,7.8,1
5.327876168789581,33,1.1314021114911006,3.6635616461296463,3.9318256327243257,0.5306282510621704,6.8,1
5.0689042022202315,31,0.5877866649021191,2.833213344056216,3.091042453358316,0.18232155679395462,6.0,1
4.990432586778736,70,0.8754687373538999,3.2188758248682006,2.5649493574615367,0.4700036292457356,6.2,0
4.962844630259907,21,0.6931471805599453,3.091042453358316,3.332204510175204,0.26236426446749106,6.4,0
5.942799375126701,21,2.2407096892759584,5.075173815233827,4.962844630259907,1.3862943611198906,8.2,1
5.375278407684165,69,0.6418538861723948,3.2188758248682006,3.4965075614664802,0.18232155679395462,6.9,1
5.564520407322694,72,1.308332819650179,4.04305126783455,3.4657359027997265,0.832909122935104,7.4,1
5.771441123130016,13,0.4700036292457356,4.04305126783455,3.367295829986474,0.09531017980432487,7.2,0
6.430525604644662,45,2.2407096892759584,5.075173815233827,4.962844630259907,1.3862943611198906,7.7,1
6.430525604644662,48,0.8754687373538999,5.075173815233827,4.709530201312334,0.5877866649021191,7.2,1
6.430525604644662,58,1.33500106673234,4.382026634673881,3.8918202981106265,0.832909122935104,4.7,1
5.25227342804663,35,0.6418538861723948,3.58351893845611,3.713572066704308,0.18232155679395462,7.3,0
5.8888779583328805,60,0.9162907318741551,5.075173815233827,4.962844630259907,0.4700036292457356,4.5,1
5.860786223465865,54,1.8718021769015913,3.7612001156935624,4.219507705176107,1.3862943611198906,7.0,1
5.198497031265826,26,1.0647107369924282,2.995732273553991,3.1354942159291497,0.5877866649021191,8.2,0
5.231108616854587,60,0.4700036292457356,3.091042453358316,3.044522437723423,0.09531017980432487,6.2,0
5.225746673713202,46,0.5877866649021191,2.772588722239781,3.2188758248682006,0.18232155679395462,7.9,1
5.187385805840755,52,0.4700036292457356,3.332204510175204,3.295836866004329,0.09531017980432487,6.5,0
6.430525604644662,7,2.2407096892759584,5.075173815233827,4.962844630259907,1.3862943611198906,6.1,1
5.342334251964811,38,0.5877866649021191,3.9318256327243257,3.258096538021482,0.18232155679395462,7.1,1
5.700443573390686,46,0.8754687373538999,5.075173815233827,4.962844630259907,0.33647223662121295,3.6,1
5.638354669333745,51,0.6418538861723948,3.4339872044851463,3.091042453358316,0.18232155679395462,6.7,1
5.673323267171493,55,0.5306282510621704,4.07753744390572,3.9889840465642745,0.18232155679395462,6.8,1
5.8664680569332965,7,0.4054651081081644,3.9512437185814275,3.367295829986474,0.09531017980432487,7.9,0
4.927253685157205,50,0.4700036292457356,2.833213344056216,2.772588722239781,0.18232155679395462,4.8,1
5.049856007249537,43,0.832909122935104,3.044522437723423,2.772588722239781,0.4700036292457356,8.0,0
5.594711379601839,16,2.1633230256605382,5.075173815233827,4.962844630259907,1.3862943611198906,7.1,1
5.680172609017068,42,1.1939224684724346,3.6888794541139363,3.4011973816621555,0.7419373447293773,4.1,1
5.472270673671475,32,0.4700036292457356,3.4657359027997265,3.828641396489095,0.09531017980432487,7.5,1
5.0238805208462765,68,1.0296194171811583,3.1354942159291497,2.9444389791664403,0.4054651081081644,6.5,1
4.59511985013459,40,0.4700036292457356,3.4657359027997265,3.58351893845611,0.09531017980432487,6.0,1
5.673323267171493,54,0.6418538861723948,2.9444389791664403,2.772588722239781,0.18232155679395462,6.1,1
5.25227342804663,60,1.0986122886681096,3.713572066704308,3.828641396489095,0.5877866649021191,6.0,1
5.645446897643238,18,0.5877866649021191,4.948759890378168,4.290459441148391,0.18232155679395462,5.5,1
5.14166355650266,65,1.0647107369924282,3.784189633918261,3.6109179126442243,0.5877866649021191,3.8,0
5.313205979041787,50,0.6418538861723948,3.295836866004329,3.044522437723423,0.18232155679395462,7.2,1
6.18826412308259,36,0.6418538861723948,3.5553480614894135,3.258096538021482,0.09531017980432487,5.9,0
5.1298987149230735,60,0.6418538861723948,3.2188758248682006,2.833213344056216,0.26236426446749106,6.7,1
5.278114659230518,54,0.8754687373538999,2.833213344056216,3.6109179126442243,0.5306282510621704,7.9,0
5.680172609017068,47,1.3862943611198906,4.219507705176107,4.174387269895637,0.9162907318741551,5.6,1
4.672828834461906,27,0.832909122935104,4.007333185232471,3.258096538021482,0.4700036292457356,8.5,0
5.356586274672012,21,0.5306282510621704,3.1780538303479458,2.70805020110221,0.18232155679395462,7.3,0
