,Age,Gender,Total_Bilirubin,Direct_Bilirubin,Alkaline_Phosphotase,Alamine_Aminotransferase,Aspartate_Aminotransferase,Total_Protiens,Albumin,Albumin_and_Globulin_Ratio,Dataset
77,68,Female,0.6,0.1,1620,95,127,4.6,2.1,0.8,1
581,31,Male,1.3,0.5,184,29,32,6.8,3.4,1.0,1
210,28,Male,0.8,0.3,190,20,14,4.1,2.4,1.4,1
192,60,Male,2.3,0.6,272,79,51,6.6,3.5,1.1,1
449,48,Female,0.9,0.2,173,26,27,6.2,3.1,1.0,1
289,57,Male,4.5,2.3,315,120,105,7.0,4.0,1.3,1
131,70,Female,0.7,0.2,237,18,28,5.8,2.5,0.75,2
218,6,Male,0.6,0.1,289,38,30,4.8,2.0,0.7,2
75,29,Female,0.7,0.1,162,52,41,5.2,2.5,0.9,2
540,42,Male,0.8,0.2,114,21,23,7.0,3.0,0.7,2
118,32,Male,15.9,7.0,280,1350,1600,5.6,2.8,1.0,1
92,60,Male,8.6,4.0,298,412,850,7.4,3.0,0.6,1
416,70,Male,0.6,0.1,862,76,180,6.3,2.7,0.75,1
68,66,Male,0.7,0.2,239,27,26,6.3,3.7,1.4,1
15,25,Male,0.6,0.1,183,91,53,5.5,2.3,0.7,2
163,39,Male,1.9,0.9,180,42,62,7.4,4.3,1.38,1
188,60,Male,1.9,0.8,614,42,38,4.5,1.8,0.6,1
88,18,Male,0.6,0.2,538,33,34,7.5,3.2,0.7,1
478,33,Male,7.1,3.7,196,622,497,6.9,3.6,1.09,1
117,32,Male,12.7,6.2,194,2000,2946,5.7,3.3,1.3,1
368,42,Female,0.8,0.2,182,22,20,7.2,3.9,1.1,1
527,40,Male,3.5,1.6,298,68,200,7.1,3.4,0.9,1
33,38,Female,2.6,1.2,410,59,57,5.6,3.0,0.8,2
0,65,Female,0.7,0.1,187,16,18,6.8,3.3,0.9,1
576,32,Male,15.0,8.2,289,58,80,5.3,2.2,0.7,1
328,43,Male,0.8,0.2,192,29,20,6.0,2.9,0.9,2
334,13,Female,0.7,0.2,350,17,24,7.4,4.0,1.1,1
321,30,Female,0.8,0.2,198,30,58,5.2,2.8,1.1,1
369,58,Female,0.8,0.2,130,24,25,7.0,4.0,1.3,1
231,61,Male,0.8,0.1,282,85,231,8.5,4.3,1.0,1
22,62,Male,6.8,3.0,542,116,66,6.4,3.1,0.9,1
423,53,Male,1.6,0.9,178,44,59,6.5,3.9,1.5,2
116,48,Male,0.7,0.1,1630,74,149,5.3,2.0,0.6,1
89,60,Male,4.0,1.9,238,119,350,7.1,3.3,0.8,1
452,58,Male,0.9,0.2,1100,25,36,7.1,3.5,0.9,1
564,38,Female,0.6,0.1,165,22,34,5.9,2.9,0.9,2
18,40,Female,0.9,0.3,293,232,245,6.8,3.1,0.8,1
271,4,Male,0.8,0.2,460,152,231,6.5,3.2,0.9,2
309,48,Female,1.1,0.7,527,178,250,8.0,4.2,1.1,1
144,45,Female,3.5,1.5,189,63,87,5.6,2.9,1.0,1
274,33,Male,1.8,0.8,196,25,22,8.0,4.0,1.0,1
333,36,Female,0.7,0.2,152,21,25,5.9,3.1,1.1,2
526,46,Male,9.4,5.2,268,21,63,6.4,2.8,0.8,1
346,46,Male,0.6,0.2,115,14,11,6.9,3.4,0.9,1
284,18,Male,0.9,0.3,300,30,48,8.0,4.0,1.0,1
470,66,Male,1.1,0.5,167,13,56,7.1,4.1,1.36,1
204,21,Male,0.7,0.2,135,27,26,6.4,3.3,1.0,2
409,48,Male,5.0,2.6,555,284,190,6.5,3.3,1.0,1
54,42,Male,8.9,4.5,272,31,61,5.8,2.0,0.5,1
228,65,Female,1.0,0.3,202,26,13,5.3,2.6,0.9,2
46,21,Male,3.9,1.8,150,36,27,6.8,3.9,1.34,1
93,60,Male,5.8,2.7,204,220,400,7.0,3.0,0.7,1
462,38,Male,0.7,0.2,110,22,18,6.4,2.5,0.64,1
108,36,Male,0.8,0.2,158,29,39,6.0,2.2,0.5,2
264,38,Male,0.8,0.2,247,55,92,7.4,4.3,1.38,2
582,38,Male,1.0,0.3,216,21,24,7.3,4.4,1.5,2
464,45,Female,0.7,0.2,164,21,53,4.5,1.4,0.45,2
419,55,Female,8.2,3.9,1350,52,65,6.7,2.9,0.7,1
519,35,Male,26.3,12.1,108,168,630,9.2,2.0,0.3,1
536,46,Male,15.8,7.2,227,67,220,6.9,2.6,0.6,1
531,40,Male,30.8,18.3,285,110,186,7.9,2.7,0.5,1
380,50,Male,1.7,0.8,331,36,53,7.3,3.4,0.9,1
550,46,Male,3.3,1.5,172,25,41,5.6,2.4,0.7,1
453,46,Male,0.7,0.2,224,40,23,7.1,3.0,0.7,1
69,60,Male,0.8,0.2,215,24,17,6.3,3.0,0.9,2
383,60,Female,1.4,0.7,159,10,12,4.9,2.5,1.0,2
442,42,Female,7.4,3.6,298,52,102,4.6,1.9,0.7,1
520,62,Male,1.8,0.9,224,69,155,8.6,4.0,0.8,1
195,60,Male,2.4,1.0,1124,30,54,5.2,1.9,0.5,1
257,44,Male,0.8,0.2,335,148,86,5.6,3.0,1.1,1
429,73,Male,1.9,0.7,1750,102,141,5.5,2.0,0.5,1
149,60,Male,0.8,0.2,286,21,27,7.1,4.0,1.2,1
124,28,Male,0.6,0.1,177,36,29,6.9,4.1,1.4,2
411,23,Female,2.3,0.8,509,28,44,6.9,2.9,0.7,2
468,66,Male,1.0,0.3,190,30,54,5.3,2.1,0.6,1
185,38,Male,1.5,0.4,298,60,103,6.0,3.0,1.0,2
552,45,Male,0.6,0.1,196,29,30,5.8,2.9,1.0,1
280,58,Male,0.8,0.2,123,56,48,6.0,3.0,1.0,1
234,40,Female,0.9,0.2,285,32,27,7.7,3.5,0.8,1
255,38,Male,1.7,0.7,859,89,48,6.0,3.0,1.0,1
438,65,Male,0.8,0.2,162,30,90,3.8,1.4,0.5,1
426,45,Male,1.3,0.6,166,49,42,5.6,2.5,0.8,2
352,26,Female,0.7,0.2,144,36,33,8.2,4.3,1.1,1
537,10,Female,0.8,0.1,395,25,75,7.6,3.6,0.9,1
437,35,Male,1.6,0.7,157,15,44,5.2,2.5,0.9,1
114,50,Male,5.8,3.0,661,181,285,5.7,2.3,0.67,2
141,66,Female,4.2,2.1,159,15,30,7.1,2.2,0.4,1
482,45,Male,1.1,0.4,92,91,188,7.2,3.8,1.11,1
7,29,Female,0.9,0.3,202,14,11,6.7,3.6,1.1,1
505,32,Male,32.6,14.1,219,95,235,5.8,3.1,1.1,1
19,40,Female,0.9,0.3,293,232,245,6.8,3.1,0.8,1
172,55,Male,14.1,7.6,750,35,63,5.0,1.6,0.47,1
434,30,Female,0.7,0.2,194,32,36,7.5,3.6,0.92,2
56,33,Male,0.8,0.2,198,26,23,8.0,4.0,1.0,2
290,45,Female,1.0,0.3,250,48,44,8.6,4.3,1.0,1
549,40,Female,2.1,1.0,768,74,141,7.8,4.9,1.6,1
433,41,Female,0.9,0.2,201,31,24,7.6,3.8,1.0,2
311,54,Female,23.2,12.6,574,43,47,7.2,3.5,0.9,1
299,24,Female,0.9,0.2,195,40,35,7.4,4.1,1.2,2
49,55,Male,18.4,8.8,206,64,178,6.2,1.8,0.4,1
501,36,Male,2.8,1.5,305,28,76,5.9,2.5,0.7,1
25,34,Male,4.1,2.0,289,875,731,5.0,2.7,1.1,1
425,58,Male,0.4,0.1,100,59,126,4.3,2.5,1.4,1
220,37,Male,0.8,0.2,147,27,46,5.0,2.5,1.0,1
335,13,Female,0.7,0.1,182,24,19,8.9,4.9,1.2,1
286,34,Female,0.8,0.2,192,15,12,8.6,4.7,1.2,1
42,42,Male,6.8,3.2,630,25,47,6.1,2.3,0.6,2
400,66,Female,0.7,0.2,162,24,20,6.4,3.2,1.0,2
250,33,Male,2.1,1.3,480,38,22,6.5,3.0,0.8,1
445,17,Male,0.9,0.2,279,40,46,7.3,4.0,1.2,2
521,55,Male,4.4,2.9,230,14,25,7.1,2.1,0.4,1
364,21,Male,0.8,0.2,183,33,57,6.8,3.5,1.0,2
367,60,Male,2.2,1.0,271,45,52,6.1,2.9,0.9,2
154,34,Male,5.9,2.5,290,45,233,5.6,2.7,0.9,1
126,48,Male,5.8,2.5,802,133,88,6.0,2.8,0.8,1
298,31,Female,1.1,0.3,190,26,15,7.9,3.8,0.9,1
332,26,Male,7.1,3.3,258,80,113,6.2,2.9,0.8,1
428,52,Female,0.6,0.1,194,10,12,6.9,3.3,0.9,2
174,31,Male,0.6,0.1,175,48,34,6.0,3.7,1.6,1
31,52,Male,0.9,0.2,156,35,44,4.9,2.9,1.4,1
113,74,Male,0.6,0.1,272,24,98,5.0,2.0,0.6,1
23,40,Male,1.9,1.0,231,16,55,4.3,1.6,0.6,1
173,31,Male,0.6,0.1,175,48,34,6.0,3.7,1.6,1
304,55,Female,0.8,0.2,155,21,17,6.9,3.8,1.4,1
249,33,Male,1.2,0.3,498,28,25,7.0,3.0,0.7,1
57,48,Female,0.9,0.2,175,24,54,5.5,2.7,0.9,2
310,51,Male,0.8,0.2,175,48,22,8.1,4.6,1.3,1
222,47,Male,0.9,0.2,265,40,28,8.0,4.0,1.0,1
395,45,Male,0.8,0.2,140,24,20,6.3,3.2,1.0,2
24,63,Male,0.9,0.2,194,52,45,6.0,3.9,1.85,2
17,33,Male,1.6,0.5,165,15,23,7.3,3.5,0.92,2
555,55,Male,0.8,0.2,290,139,87,7.0,3.0,0.7,1
66,54,Male,2.2,1.2,195,55,95,6.0,3.7,1.6,1
382,58,Female,0.7,0.1,172,27,22,6.7,3.2,0.9,1
574,32,Male,12.1,6.0,515,48,92,6.6,2.4,0.5,1
319,14,Male,0.9,0.3,310,21,16,8.1,4.2,1.0,2
212,22,Male,2.7,1.0,160,82,127,5.5,3.1,1.2,2
556,51,Male,0.7,0.1,180,25,27,6.1,3.1,1.0,1
190,60,Male,6.3,3.2,314,118,114,6.6,3.7,1.27,1
515,49,Male,3.9,2.1,189,65,181,6.9,3.0,0.7,1
512,56,Male,1.0,0.3,195,22,28,5.8,2.6,0.8,2
354,48,Female,0.8,0.2,150,25,23,7.5,3.9,1.0,1
94,60,Male,5.2,2.4,168,126,202,6.8,2.9,0.7,1
180,75,Male,2.8,1.3,250,23,29,2.7,0.9,0.5,1
320,30,Female,0.7,0.2,63,31,27,5.8,3.4,1.4,1
563,64,Male,1.4,0.5,298,31,83,7.2,2.6,0.5,1
506,56,Male,17.7,8.8,239,43,185,5.6,2.4,0.7,1
5,46,Male,1.8,0.7,208,19,14,7.6,4.4,1.3,1
45,35,Male,1.8,0.6,275,48,178,6.5,3.2,0.9,2
421,26,Male,1.0,0.3,163,48,71,7.1,3.7,1.0,2
493,65,Male,0.7,0.2,265,30,28,5.2,1.8,0.52,2
365,40,Male,0.7,0.2,176,28,43,5.3,2.4,0.8,2
16,38,Male,1.8,0.8,342,168,441,7.6,4.4,1.3,1
48,32,Female,0.6,0.1,176,39,28,6.0,3.0,1.0,1
562,66,Male,17.3,8.5,388,173,367,7.8,2.6,0.5,1
469,66,Male,0.8,0.2,165,22,32,4.4,2.0,0.8,1
3,58,Male,1.0,0.4,182,14,20,6.8,3.4,1.0,1
542,62,Male,0.7,0.2,173,46,47,7.3,4.1,1.2,2
348,70,Male,1.3,0.4,358,19,14,6.1,2.8,0.8,1
291,60,Male,0.7,0.2,174,32,14,7.8,4.2,1.1,2
225,26,Male,0.6,0.2,120,45,51,7.9,4.0,1.0,1
26,34,Male,4.1,2.0,289,875,731,5.0,2.7,1.1,1
263,38,Female,0.8,0.2,185,25,21,7.0,3.0,0.7,1
50,45,Female,0.7,0.2,170,21,14,5.7,2.5,0.7,1
229,46,Male,0.6,0.2,290,26,21,6.0,3.0,1.0,1
37,46,Female,14.2,7.8,374,38,77,4.3,2.0,0.8,1
157,72,Male,0.7,0.1,196,20,35,5.8,2.0,0.5,1
237,35,Female,0.9,0.3,158,20,16,8.0,4.0,1.0,1
557,51,Male,2.9,1.2,189,80,125,6.2,3.1,1.0,1
175,31,Male,0.8,0.2,198,43,31,7.3,4.0,1.2,1
479,33,Male,3.4,1.6,186,779,844,7.3,3.2,0.7,1
336,75,Male,6.7,3.6,458,198,143,6.2,3.2,1.0,1
194,49,Male,2.0,0.6,209,48,32,5.7,3.0,1.1,2
547,50,Female,27.7,10.8,380,39,348,7.1,2.3,0.4,1
561,66,Male,16.6,7.6,315,233,384,6.9,2.0,0.4,1
490,53,Female,0.8,0.2,193,96,57,6.7,3.6,1.16,1
67,37,Male,1.8,0.8,215,53,58,6.4,3.8,1.4,1
567,52,Male,2.7,1.4,251,20,40,6.0,1.7,0.39,1
168,60,Male,22.8,12.6,962,53,41,6.9,3.3,0.9,1
558,51,Male,4.0,2.5,275,382,330,7.5,4.0,1.1,1
553,46,Male,10.2,4.2,232,58,140,7.0,2.7,0.6,1
193,49,Male,1.3,0.4,206,30,25,6.0,3.1,1.06,2
152,46,Female,0.8,0.2,182,20,40,6.0,2.9,0.9,1
316,44,Male,0.9,0.2,182,29,82,7.1,3.7,1.0,2
431,47,Female,0.8,0.2,236,10,13,6.7,2.9,0.76,2
467,28,Female,1.0,0.3,90,18,108,6.8,3.1,0.8,2
322,36,Male,1.7,0.5,205,36,34,7.1,3.9,1.2,1
103,55,Female,0.8,0.2,225,14,23,6.1,3.3,1.2,2
408,48,Male,2.4,1.1,554,141,73,7.5,3.6,0.9,1
74,68,Male,0.7,0.1,145,20,22,5.8,2.9,1.0,1
405,31,Female,0.8,0.2,215,15,21,7.6,4.0,1.1,1
560,66,Male,15.2,7.7,356,321,562,6.5,2.2,0.4,1
119,32,Male,18.0,8.2,298,1250,1050,5.4,2.6,0.9,1
570,16,Male,2.6,1.2,236,131,90,5.4,2.6,0.9,1
393,41,Male,2.7,1.3,580,142,68,8.0,4.0,1.0,1
463,25,Male,0.8,0.1,130,23,42,8.0,4.0,1.0,1
207,40,Male,3.9,1.7,350,950,1500,6.7,3.8,1.3,1
360,24,Male,0.7,0.2,218,47,26,6.6,3.3,1.0,1
340,75,Male,0.9,0.2,206,44,33,6.2,2.9,0.8,1
415,70,Male,1.3,0.3,690,93,40,3.6,2.7,0.7,1
388,46,Male,0.8,0.2,160,31,40,7.3,3.8,1.1,1
502,42,Male,0.8,0.2,127,29,30,4.9,2.7,1.2,1
363,42,Female,0.9,0.2,165,26,29,8.5,4.4,1.0,2
36,17,Female,0.7,0.2,145,18,36,7.2,3.9,1.18,2
139,15,Male,0.8,0.2,380,25,66,6.1,3.7,1.5,1
253,35,Female,0.6,0.2,180,12,15,5.2,2.7,,2
303,50,Male,0.7,0.2,206,18,17,8.4,4.2,1.0,2
375,47,Male,3.5,1.6,206,32,31,6.8,3.4,1.0,1
59,64,Male,1.1,0.5,145,20,24,5.5,3.2,1.39,2
111,48,Male,3.2,1.6,257,33,116,5.7,2.2,0.62,1
349,49,Female,0.8,0.2,158,19,15,6.6,3.6,1.2,2
341,36,Female,0.8,0.2,650,70,138,6.6,3.1,0.8,1
262,18,Male,0.8,0.2,228,55,54,6.9,4.0,1.3,1
473,42,Male,1.0,0.3,154,38,21,6.8,3.9,1.3,2
297,25,Female,0.9,0.3,159,24,25,6.9,4.4,1.7,2
150,56,Male,1.1,0.5,180,30,42,6.9,3.8,1.2,2
266,62,Male,1.2,0.4,195,38,54,6.3,3.8,1.5,1
500,70,Male,2.7,1.2,365,62,55,6.0,2.4,0.6,1
38,48,Male,1.4,0.6,263,38,66,5.8,2.2,0.61,1
414,65,Male,1.4,0.6,260,28,24,5.2,2.2,0.7,2
307,30,Male,0.8,0.2,174,21,47,4.6,2.3,1.0,1
198,41,Male,0.9,0.2,169,22,18,6.1,3.0,0.9,2
371,33,Male,0.8,0.2,135,30,29,7.2,4.4,1.5,2
146,66,Female,2.9,1.3,168,21,38,5.5,1.8,0.4,1
517,28,Male,0.9,0.2,215,50,28,8.0,4.0,1.0,1
147,65,Male,0.7,0.1,392,20,30,5.3,2.8,1.1,1
403,65,Male,0.7,0.2,199,19,22,6.3,3.6,1.3,2
325,42,Male,0.8,0.2,158,27,23,6.7,3.1,0.8,2
377,20,Female,0.6,0.2,202,12,13,6.1,3.0,0.9,2
123,64,Female,0.8,0.2,178,17,18,6.3,3.1,0.9,1
483,30,Male,0.8,0.2,182,46,57,7.8,4.3,1.2,2
96,39,Male,3.8,1.5,298,102,630,7.1,3.3,0.8,1
143,30,Male,1.6,0.4,332,84,139,5.6,2.7,0.9,1
239,40,Male,0.9,0.3,196,69,48,6.8,3.1,0.8,1
362,55,Male,1.1,0.3,215,21,15,6.2,2.9,0.8,2
97,39,Male,6.6,3.0,215,190,950,4.0,1.7,0.7,1
324,60,Male,2.6,1.2,171,42,37,5.4,2.7,1.0,1
279,48,Female,1.0,1.4,144,18,14,8.3,4.2,1.0,1
293,23,Male,1.1,0.5,191,37,41,7.7,4.3,1.2,2
559,26,Male,42.8,19.7,390,75,138,7.5,2.6,0.5,1
122,58,Male,1.7,0.8,188,60,84,5.9,3.5,1.4,2
183,40,Male,0.6,0.1,171,20,17,5.4,2.5,0.8,1
202,38,Female,0.8,0.2,145,19,23,6.1,3.1,1.03,2
323,12,Male,0.8,0.2,302,47,67,6.7,3.5,1.1,2
246,55,Male,1.8,9.0,272,22,79,6.1,2.7,0.7,1
524,29,Male,0.8,0.2,156,12,15,6.8,3.7,1.1,2
390,72,Male,0.8,0.2,148,23,35,6.0,3.0,1.0,1
460,22,Female,2.2,1.0,215,159,51,5.5,2.5,0.8,1
394,48,Female,1.0,0.3,310,37,56,5.9,2.5,0.7,1
514,49,Male,1.0,0.3,230,48,58,8.4,4.2,1.0,1
374,56,Female,0.7,0.1,145,26,23,7.0,4.0,1.3,2
125,60,Male,1.8,0.5,201,45,25,3.9,1.7,0.7,2
572,32,Male,15.6,9.5,134,54,125,5.6,4.0,2.5,1
223,50,Male,1.1,0.3,175,20,19,7.1,4.5,1.7,2
342,35,Male,0.8,0.2,198,36,32,7.0,4.0,1.3,2
53,38,Male,1.1,0.3,198,86,150,6.3,3.5,1.2,1
219,37,Male,0.8,0.2,125,41,39,6.4,3.4,1.1,1
129,45,Male,2.8,1.7,263,57,65,5.1,2.3,0.8,1
528,45,Male,1.7,0.8,315,12,38,6.3,2.1,0.5,1
450,65,Male,7.9,4.3,282,50,72,6.0,3.0,1.0,1
465,45,Female,0.6,0.1,270,23,42,5.1,2.0,0.5,2
494,25,Male,0.7,0.2,185,196,401,6.5,3.9,1.5,1
381,39,Male,0.6,0.2,188,28,43,8.1,3.3,0.6,1
575,32,Male,25.0,13.7,560,41,88,7.9,2.5,2.5,1
386,38,Male,2.7,1.4,105,25,21,7.5,4.2,1.2,2
294,22,Male,2.4,1.0,340,25,21,8.3,4.5,1.1,1
481,45,Male,2.3,1.3,282,132,368,7.3,4.0,1.2,1
444,61,Male,0.8,0.2,163,18,19,6.3,2.8,0.8,2
399,27,Male,1.0,0.2,205,137,145,6.0,3.0,1.0,1
112,27,Male,1.2,0.4,179,63,39,6.1,3.3,1.1,2
179,75,Male,8.0,4.6,386,30,25,5.5,1.8,0.48,1
404,22,Male,0.8,0.2,198,20,26,6.8,3.9,1.3,1
443,42,Female,0.7,0.2,152,35,81,6.2,3.2,1.06,1
432,29,Male,0.7,0.2,165,55,87,7.5,4.6,1.58,1
373,25,Female,0.7,0.1,140,32,25,7.6,4.3,1.3,2
314,26,Male,2.0,0.9,195,24,65,7.8,4.3,1.2,1
151,50,Male,1.6,0.8,218,18,20,5.9,2.9,0.96,1
472,42,Male,0.7,0.2,197,64,33,5.8,2.4,0.7,2
233,33,Male,2.0,1.4,2110,48,89,6.2,3.0,0.9,1
306,48,Male,1.6,1.0,588,74,113,7.3,2.4,0.4,1
410,18,Male,1.4,0.6,215,440,850,5.0,1.9,0.6,1
164,39,Male,1.9,0.9,180,42,62,7.4,4.3,1.38,1
317,35,Male,0.7,0.2,198,42,30,6.8,3.4,1.0,1
136,46,Female,4.7,2.2,310,62,90,6.4,2.5,0.6,1
197,26,Female,0.6,0.2,142,12,32,5.7,2.4,0.75,1
457,61,Male,0.8,0.2,192,28,35,6.9,3.4,0.9,2
258,36,Male,0.8,0.2,182,31,34,6.4,3.8,1.4,2
232,50,Male,2.7,1.6,157,149,156,7.9,3.1,0.6,1
115,50,Male,7.3,3.6,1580,88,64,5.6,2.3,0.6,2
120,32,Male,23.0,11.3,300,482,275,7.1,3.5,0.9,1
456,32,Male,0.7,0.2,189,22,43,7.4,3.1,0.7,2
376,33,Male,0.7,0.1,168,35,33,7.0,3.7,1.1,1
384,34,Male,3.7,2.1,490,115,91,6.5,2.8,0.7,1
224,70,Male,1.7,0.5,400,56,44,5.7,3.1,1.1,1
551,29,Male,1.2,0.4,160,20,22,6.2,3.0,0.9,2
439,42,Female,0.8,0.2,168,25,18,6.2,3.1,1.0,1
347,38,Male,0.7,0.2,216,349,105,7.0,3.5,1.0,1
127,64,Male,3.0,1.4,248,46,40,6.5,3.2,0.9,1
573,32,Male,3.7,1.6,612,50,88,6.2,1.9,0.4,1
285,13,Male,1.5,0.5,575,29,24,7.9,3.9,0.9,1
538,52,Male,1.8,0.8,97,85,78,6.4,2.7,0.7,1
43,50,Male,2.6,1.2,415,407,576,6.4,3.2,1.0,1
107,36,Male,0.8,0.2,158,29,39,6.0,2.2,0.5,2
485,22,Female,6.7,3.2,850,154,248,6.2,2.8,0.8,1
534,39,Male,1.6,0.8,230,88,74,8.0,4.0,1.0,2
133,53,Male,0.9,0.4,238,17,14,6.6,2.9,0.8,1
525,53,Female,0.9,0.2,210,35,32,8.0,3.9,0.9,2
44,85,Female,1.0,0.3,208,17,15,7.0,3.6,1.0,2
169,60,Male,8.9,4.0,950,33,32,6.8,3.1,0.8,1
65,57,Male,1.4,0.7,470,62,88,5.6,2.5,0.8,1
283,18,Male,1.3,0.7,316,10,21,6.0,2.1,0.5,2
85,14,Male,1.4,0.5,269,58,45,6.7,3.9,1.4,1
242,29,Female,0.8,0.2,205,30,23,8.2,4.1,1.0,1
186,60,Male,3.2,1.8,750,79,145,7.8,3.2,0.69,1
503,53,Male,19.8,10.4,238,39,221,8.1,2.5,0.4,1
159,50,Male,1.2,0.4,282,36,32,7.2,3.9,1.1,1
12,64,Male,0.9,0.3,310,61,58,7.0,3.4,0.9,2
35,30,Male,1.3,0.4,482,102,80,6.9,3.3,0.9,1
28,20,Male,1.1,0.5,128,20,30,3.9,1.9,0.95,2
170,72,Male,1.7,0.8,200,28,37,6.2,3.0,0.93,1
142,30,Male,1.6,0.4,332,84,139,5.6,2.7,0.9,1
236,22,Male,0.8,0.2,300,57,40,7.9,3.8,0.9,2
446,54,Male,0.8,0.2,181,35,20,5.5,2.7,0.96,1
477,55,Male,0.6,0.2,220,24,32,5.1,2.4,0.88,1
221,47,Male,0.9,0.2,192,38,24,7.3,4.3,1.4,1
529,55,Male,3.3,1.5,214,54,152,5.1,1.8,0.5,1
95,75,Male,0.9,0.2,282,25,23,4.4,2.2,1.0,1
51,34,Female,0.6,0.1,161,15,19,6.6,3.4,1.0,1
240,48,Male,0.7,0.2,165,32,30,8.0,4.0,1.0,2
487,32,Male,0.7,0.2,276,102,190,6.0,2.9,0.93,1
351,37,Male,1.3,0.4,195,41,38,5.3,2.1,0.6,1
496,24,Male,1.0,0.2,189,52,31,8.0,4.8,1.5,1
178,75,Male,10.6,5.0,562,37,29,5.1,1.8,0.5,1
511,45,Male,2.2,1.6,320,37,48,6.8,3.4,1.0,1
41,62,Male,0.6,0.1,160,42,110,4.9,2.6,1.1,2
539,65,Female,0.7,0.2,406,24,45,7.2,3.5,0.9,2
507,50,Male,0.9,0.3,194,190,73,7.5,3.9,1.0,1
206,40,Male,3.6,1.8,285,50,60,7.0,2.9,0.7,1
392,41,Male,7.5,4.3,149,94,92,6.3,3.1,0.9,1
282,50,Male,0.7,0.2,188,12,14,7.0,3.4,0.9,1
358,37,Male,0.7,0.2,176,28,34,5.6,2.6,0.8,1
397,78,Male,1.0,0.3,152,28,70,6.3,3.1,0.9,1
254,38,Female,0.7,0.1,152,90,21,7.1,4.2,1.4,2
217,49,Male,1.1,0.5,159,30,31,7.0,4.3,1.5,1
4,72,Male,3.9,2.0,195,27,59,7.3,2.4,0.4,1
256,50,Male,0.9,0.3,901,23,17,6.2,3.5,1.2,1
548,42,Male,11.1,6.1,214,60,186,6.9,2.8,2.8,1
518,45,Male,2.9,1.4,210,74,68,7.2,3.6,1.0,1
430,53,Female,0.7,0.1,182,20,33,4.8,1.9,0.6,1
100,27,Male,0.6,0.2,161,27,28,3.7,1.6,0.76,2
226,26,Male,1.3,0.4,173,38,62,8.0,4.0,1.0,1
448,48,Female,0.8,0.2,142,26,25,6.0,2.6,0.7,1
532,62,Male,0.7,0.2,162,12,17,8.2,3.2,0.6,2
213,8,Female,0.9,0.2,401,25,58,7.5,3.4,0.8,1
359,69,Female,0.8,0.2,146,42,70,8.4,4.9,1.4,2
171,44,Female,1.9,0.6,298,378,602,6.6,3.3,1.0,1
98,18,Male,0.6,0.1,265,97,161,5.9,3.1,1.1,1
292,45,Male,0.6,0.2,245,22,24,7.1,3.4,0.9,1
215,66,Male,0.6,0.2,100,17,148,5.0,3.3,1.9,2
61,58,Male,1.0,0.5,158,37,43,7.2,3.6,1.0,1
406,45,Male,0.7,0.2,180,18,58,6.7,3.7,1.2,2
47,40,Male,1.1,0.3,230,1630,960,4.9,2.8,1.3,1
32,57,Male,1.0,0.3,187,19,23,5.2,2.9,1.2,2
417,11,Male,0.7,0.1,592,26,29,7.1,4.2,1.4,2
267,43,Female,0.9,0.3,140,12,29,7.4,3.5,1.8,1
327,24,Male,3.3,1.6,174,11,33,7.6,3.9,1.0,2
200,49,Male,0.6,0.1,218,50,53,5.0,2.4,0.9,1
134,18,Male,1.8,0.7,178,35,36,6.8,3.6,1.1,1
27,34,Male,6.2,3.0,240,1680,850,7.2,4.0,1.2,1
509,46,Male,20.0,10.0,254,140,540,5.4,3.0,1.2,1
230,61,Male,1.5,0.6,196,61,85,6.7,3.8,1.3,2
260,42,Male,16.4,8.9,245,56,87,5.4,2.0,0.5,1
378,50,Female,0.7,0.1,192,20,41,7.3,3.3,0.8,1
288,50,Female,1.0,0.5,239,16,39,7.5,3.7,0.9,1
418,50,Male,4.2,2.3,450,69,50,7.0,3.0,0.7,1
162,60,Male,5.8,2.7,599,43,66,5.4,1.8,0.5,1
391,75,Male,0.9,0.2,162,25,20,6.9,3.7,1.1,1
530,22,Female,1.1,0.3,138,14,21,7.0,3.8,1.1,2
138,18,Male,0.8,0.2,282,72,140,5.5,2.5,0.8,1
62,58,Male,1.0,0.5,158,37,43,7.2,3.6,1.0,1
471,49,Female,0.6,0.1,185,17,26,6.6,2.9,0.7,2
135,66,Male,11.3,5.6,1110,1250,4929,7.0,2.4,0.5,1
565,43,Male,22.5,11.8,143,22,143,6.6,2.1,0.46,1
128,58,Female,1.7,0.8,1896,61,83,8.0,3.9,0.95,1
566,50,Female,1.0,0.3,191,22,31,7.8,4.0,1.0,2
8,17,Male,0.9,0.3,202,22,19,7.4,4.1,1.2,2
326,36,Female,1.2,0.4,358,160,90,8.3,4.4,1.1,2
344,37,Male,0.8,0.2,195,60,40,8.2,5.0,1.5,2
64,57,Male,1.3,0.4,259,40,86,6.5,2.5,0.6,1
300,58,Male,0.8,0.2,180,32,25,8.2,4.4,1.1,2
14,61,Male,0.7,0.2,145,53,41,5.8,2.7,0.87,1
156,32,Male,0.9,0.3,462,70,82,6.2,3.1,1.0,1
40,45,Male,2.4,1.1,168,33,50,5.1,2.6,1.0,1
492,35,Female,1.0,0.3,805,133,103,7.9,3.3,0.7,1
379,72,Male,0.7,0.2,185,16,22,7.3,3.7,1.0,2
187,60,Male,2.1,1.0,191,114,247,4.0,1.6,0.6,1
216,55,Male,0.9,0.2,116,36,16,6.2,3.2,1.0,2
52,38,Male,3.1,1.6,253,80,406,6.8,3.9,1.3,1
337,75,Male,2.5,1.2,375,85,68,6.4,2.9,0.8,1
295,22,Male,0.6,0.2,202,78,41,8.0,3.9,0.9,1
251,33,Male,0.9,0.8,680,37,40,5.9,2.6,0.8,1
461,28,Female,0.8,0.2,309,55,23,6.8,4.1,1.51,1
455,21,Female,0.6,0.1,186,25,22,6.8,3.4,1.0,1
580,52,Male,0.8,0.2,245,48,49,6.4,3.2,1.0,1
269,26,Male,0.6,0.1,110,15,20,2.8,1.6,1.3,1
201,49,Male,0.6,0.1,218,50,53,5.0,2.4,0.9,1
161,60,Male,11.5,5.0,1050,99,187,6.2,2.8,0.8,1
401,50,Male,7.3,3.7,92,44,236,6.8,1.6,0.3,1
476,38,Male,0.9,0.3,310,15,25,5.5,2.7,1.0,1
105,36,Male,5.3,2.3,145,32,92,5.1,2.6,1.0,2
389,72,Male,0.6,0.1,102,31,35,6.3,3.2,1.0,1
1,62,Male,10.9,5.5,699,64,100,7.5,3.2,0.74,1
543,40,Male,1.2,0.6,204,23,27,7.6,4.0,1.1,1
80,58,Female,2.4,1.1,915,60,142,4.7,1.8,0.6,1
205,45,Male,2.5,1.2,163,28,22,7.6,4.0,1.1,1
34,38,Female,2.6,1.2,410,59,57,5.6,3.0,0.8,2
508,46,Male,18.4,8.5,450,119,230,7.5,3.3,0.7,1
427,65,Male,0.9,0.2,170,33,66,7.0,3.0,0.75,1
454,28,Male,0.6,0.2,159,15,16,7.0,3.5,1.0,2
366,16,Male,0.7,0.2,418,28,35,7.2,4.1,1.3,2
91,60,Male,6.8,3.2,308,404,794,6.8,3.0,0.7,1
339,75,Male,1.4,0.4,215,50,30,5.9,2.6,0.7,1
345,60,Male,2.9,1.3,230,32,44,5.6,2.0,0.5,1
241,51,Male,0.8,0.2,230,24,46,6.5,3.1,,1
13,74,Female,1.1,0.4,214,22,30,8.1,4.1,1.0,1
315,22,Male,0.9,0.3,179,18,21,6.7,3.7,1.2,2
387,51,Male,0.8,0.2,160,34,20,6.9,3.7,1.1,1
273,30,Male,0.7,0.2,262,15,18,9.6,4.7,1.2,1
166,55,Male,75.0,3.6,332,40,66,6.2,2.5,0.6,1
577,32,Male,12.7,8.4,190,28,47,5.4,2.6,0.9,1
484,62,Male,5.0,2.1,103,18,40,5.0,2.1,1.72,1
568,20,Female,16.7,8.4,200,91,101,6.9,3.5,1.02,1
504,32,Male,30.5,17.1,218,39,79,5.5,2.7,0.9,1
243,28,Female,0.9,0.2,316,25,23,8.5,5.5,1.8,1
189,48,Female,0.8,0.2,218,32,28,5.2,2.5,0.9,2
475,38,Male,2.2,1.0,310,119,42,7.9,4.1,1.0,2
510,37,Female,0.8,0.2,205,31,36,9.2,4.6,1.0,2
58,51,Male,0.8,0.2,367,42,18,5.2,2.0,0.6,1
474,35,Male,2.0,1.1,226,33,135,6.0,2.7,0.8,2
252,65,Male,1.1,0.3,258,48,40,7.0,3.9,1.2,2
21,51,Male,2.9,1.3,482,22,34,7.0,2.4,0.5,1
313,30,Female,0.8,0.2,158,25,22,7.9,4.5,1.3,2
459,65,Male,1.1,0.5,686,16,46,5.7,1.5,0.35,1
160,60,Male,11.0,4.9,750,140,350,5.5,2.1,0.6,1
276,35,Male,0.9,0.2,190,25,20,6.4,3.6,1.2,2
191,60,Male,5.8,3.0,257,107,104,6.6,3.5,1.12,1
385,50,Male,0.8,0.2,152,29,30,7.4,4.1,1.3,1
413,48,Male,0.7,0.2,208,15,30,4.6,2.1,0.8,2
491,27,Male,1.0,0.3,180,56,111,6.8,3.9,1.85,2
343,70,Male,3.1,1.6,198,40,28,5.6,2.0,0.5,1
308,45,Female,0.8,0.2,165,22,18,8.2,4.1,1.0,1
130,45,Male,3.2,1.4,512,50,58,6.0,2.7,0.8,1
99,18,Male,0.7,0.1,312,308,405,6.9,3.7,1.1,1
372,48,Male,0.7,0.2,326,29,17,8.7,5.5,1.7,1
87,58,Male,0.8,0.2,298,33,59,6.2,3.1,1.0,1
458,26,Male,6.8,3.2,140,37,19,3.6,0.9,0.3,1
330,26,Male,2.0,0.9,157,54,68,6.1,2.7,0.8,1
214,38,Male,1.7,1.0,180,18,34,7.2,3.6,1.0,1
466,28,Female,0.6,0.1,137,22,16,4.9,1.9,0.6,2
121,32,Male,22.7,10.2,290,322,113,6.6,2.8,0.7,1
20,51,Male,2.2,1.0,610,17,28,7.3,2.6,0.55,1
71,75,Female,0.8,0.2,188,20,29,4.4,1.8,0.6,1
106,36,Male,5.3,2.3,145,32,92,5.1,2.6,1.0,2
270,37,Male,0.7,0.2,235,96,54,9.5,4.9,1.0,1
435,17,Female,0.5,0.1,206,28,21,7.1,4.5,1.7,2
102,17,Male,0.9,0.2,224,36,45,6.9,4.2,1.55,1
