Alkaline_Phosphotase,Age,Total_Bilirubin,Aspartate_Aminotransferase,Alamine_Aminotransferase,Direct_Bilirubin,Total_Protiens,Dataset
5.220355825078325,31,0.832909122935104,3.4965075614664802,3.4011973816621555,0.4054651081081644,6.8,1
5.25227342804663,28,0.5877866649021191,2.70805020110221,3.044522437723423,0.26236426446749106,4.1,1
5.60947179518496,60,1.1939224684724346,3.9512437185814275,4.382026634673881,0.4700036292457356,6.6,1
5.159055299214529,48,0.6418538861723948,3.332204510175204,3.295836866004329,0.18232155679395462,6.2,1
5.755742213586912,57,1.7047480922384253,4.663439094112067,4.795790545596741,1.1939224684724346,7.0,1
5.472270673671475,70,0.5306282510621704,3.367295829986474,2.9444389791664403,0.18232155679395462,5.8,0
5.66988092298052,6,0.4700036292457356,3.4339872044851463,3.6635616461296463,0.09531017980432487,4.8,0
5.093750200806762,29,0.5306282510621704,3.7376696182833684,3.970291913552122,0.09531017980432487,5.2,0
4.74493212836325,42,0.5877866649021191,3.1780538303479458,3.091042453358316,0.18232155679395462,7.0,0
5.480638923341991,66,0.5306282510621704,3.295836866004329,3.332204510175204,0.18232155679395462,6.3,1
5.214935757608986,25,0.4700036292457356,3.9889840465642745,4.5217885770490405,0.09531017980432487,5.5,0
5.198497031265826,39,1.0647107369924282,4.143134726391533,3.7612001156935624,0.6418538861723948,7.4,1
6.421622267806518,60,1.0647107369924282,3.6635616461296463,3.7612001156935624,0.5877866649021191,4.5,1
6.289715570908998,18,0.4700036292457356,3.5553480614894135,3.5263605246161616,0.18232155679395462,7.5,1
5.209486152841421,42,0.5877866649021191,3.044522437723423,3.1354942159291497,0.18232155679395462,7.2,1
6.018593214496234,38,1.2809338454620645,4.060443010546419,4.0943445622221,0.7884573603642702,5.6,0
5.236441962829949,65,0.5306282510621704,2.9444389791664403,2.833213344056216,0.09531017980432487,6.8,1
5.262690188904886,43,0.5877866649021191,3.044522437723423,3.4011973816621555,0.18232155679395462,6.0,0
5.860786223465865,13,0.5306282510621704,3.2188758248682006,2.8903717578961645,0.18232155679395462,7.4,1
5.293304824724492,30,0.5877866649021191,4.07753744390572,3.4339872044851463,0.18232155679395462,5.2,1
4.875197323201151,58,0.5877866649021191,3.258096538021482,3.2188758248682006,0.18232155679395462,7.0,1
5.187385805840755,53,0.9555114450274365,4.0943445622221,3.8066624897703196,0.6418538861723948,6.5,0
5.111987788356544,38,0.4700036292457356,3.5553480614894135,3.1354942159291497,0.09531017980432487,5.9,0
5.247024072160486,45,1.5040773967762742,4.477336814478207,4.1588830833596715,0.9162907318741551,5.6,1
5.2832037287379885,33,1.0296194171811583,3.1354942159291497,3.258096538021482,0.5877866649021191,8.0,1
5.030437921392435,36,0.5306282510621704,3.258096538021482,3.091042453358316,0.18232155679395462,5.9,0
4.7535901911063645,46,0.4700036292457356,2.4849066497880004,2.70805020110221,0.18232155679395462,6.9,1
5.707110264748875,18,0.6418538861723948,3.8918202981106265,3.4339872044851463,0.26236426446749106,8.0,1
5.123963979403259,66,0.7419373447293773,4.04305126783455,2.639057329615259,0.4054651081081644,7.1,1
4.912654885736052,21,0.5306282510621704,3.295836866004329,3.332204510175204,0.18232155679395462,6.4,0
5.313205979041787,65,0.6931471805599453,2.639057329615259,3.295836866004329,0.26236426446749106,5.3,0
5.017279836814924,21,1.589235205116581,3.332204510175204,3.6109179126442243,1.0296194171811583,6.8,1
4.709530201312334,38,0.5306282510621704,2.9444389791664403,3.1354942159291497,0.18232155679395462,6.4,1
5.0689042022202315,36,0.5877866649021191,3.6888794541139363,3.4011973816621555,0.18232155679395462,6.0,0
5.5134287461649825,38,0.5877866649021191,4.532599493153256,4.02535169073515,0.18232155679395462,7.4,0
5.37989735354046,38,0.6931471805599453,3.2188758248682006,3.091042453358316,0.26236426446749106,7.3,0
5.10594547390058,45,0.5306282510621704,3.9889840465642745,3.091042453358316,0.18232155679395462,4.5,0
5.805134968916488,50,0.9932517730102834,3.9889840465642745,3.6109179126442243,0.5877866649021191,7.3,1
5.153291594497779,46,1.4586150226995167,3.7376696182833684,3.258096538021482,0.9162907318741551,5.6,1
5.41610040220442,46,0.5306282510621704,3.1780538303479458,3.713572066704308,0.18232155679395462,7.1,1
5.375278407684165,60,0.5877866649021191,2.8903717578961645,3.2188758248682006,0.18232155679395462,6.3,0
5.075173815233827,60,0.8754687373538999,2.5649493574615367,2.3978952727983707,0.5306282510621704,4.9,0
5.41610040220442,62,1.0296194171811583,5.049856007249537,4.248495242049359,0.6418538861723948,8.6,1
5.659482215759621,60,0.5877866649021191,3.332204510175204,3.091042453358316,0.18232155679395462,7.1,1
5.181783550292085,28,0.4700036292457356,3.4011973816621555,3.6109179126442243,0.09531017980432487,6.9,0
6.234410725718371,23,1.1939224684724346,3.8066624897703196,3.367295829986474,0.5877866649021191,6.9,0
5.25227342804663,66,0.6931471805599453,4.007333185232471,3.4339872044851463,0.26236426446749106,5.3,1
5.700443573390686,38,0.9162907318741551,4.6443908991413725,4.110873864173311,0.33647223662121295,6.0,0
5.2832037287379885,45,0.4700036292457356,3.4339872044851463,3.4011973816621555,0.09531017980432487,5.8,1
4.820281565605037,58,0.5877866649021191,3.8918202981106265,4.04305126783455,0.18232155679395462,6.0,1
5.655991810819852,40,0.6418538861723948,3.332204510175204,3.4965075614664802,0.18232155679395462,7.7,1
5.093750200806762,65,0.5877866649021191,4.51085950651685,3.4339872044851463,0.18232155679395462,3.8,1
5.117993812416755,45,0.832909122935104,3.7612001156935624,3.912023005428146,0.4700036292457356,5.6,0
4.976733742420574,26,0.5306282510621704,3.5263605246161616,3.6109179126442243,0.18232155679395462,8.2,1
5.981414211254481,10,0.5877866649021191,4.330733340286331,3.258096538021482,0.09531017980432487,7.6,1
5.062595033026967,35,0.9555114450274365,3.8066624897703196,2.772588722239781,0.5306282510621704,5.2,1
5.075173815233827,66,1.6486586255873816,3.4339872044851463,2.772588722239781,1.1314021114911006,7.1,1
5.313205979041787,29,0.6418538861723948,2.4849066497880004,2.70805020110221,0.26236426446749106,6.7,1
5.272999558563747,30,0.5306282510621704,3.6109179126442243,3.4965075614664802,0.18232155679395462,7.5,0
5.293304824724492,33,0.5877866649021191,3.1780538303479458,3.295836866004329,0.18232155679395462,8.0,0
5.5254529391317835,45,0.6931471805599453,3.8066624897703196,3.8918202981106265,0.26236426446749106,8.6,1
5.308267697401205,41,0.6418538861723948,3.2188758248682006,3.4657359027997265,0.18232155679395462,7.6,0
5.278114659230518,24,0.6418538861723948,3.58351893845611,3.713572066704308,0.18232155679395462,7.4,0
5.723585101952381,36,1.33500106673234,4.343805421853684,3.367295829986474,0.9162907318741551,5.9,1
4.61512051684126,58,0.33647223662121295,4.844187086458591,4.0943445622221,0.09531017980432487,4.3,1
4.997212273764115,37,0.5877866649021191,3.8501476017100584,3.332204510175204,0.18232155679395462,5.0,1
5.209486152841421,13,0.5306282510621704,2.995732273553991,3.2188758248682006,0.09531017980432487,8.9,1
5.262690188904886,34,0.5877866649021191,2.5649493574615367,2.772588722239781,0.18232155679395462,8.6,1
5.093750200806762,66,0.5306282510621704,3.044522437723423,3.2188758248682006,0.18232155679395462,6.4,0
6.175867270105761,33,1.1314021114911006,3.1354942159291497,3.6635616461296463,0.832909122935104,6.5,1
5.634789603169249,17,0.6418538861723948,3.8501476017100584,3.713572066704308,0.18232155679395462,7.3,0
5.442417710521793,55,1.6863989535702286,3.258096538021482,2.70805020110221,1.3609765531356006,7.1,1
5.214935757608986,21,0.5877866649021191,4.060443010546419,3.5263605246161616,0.18232155679395462,6.8,0
5.605802066295998,60,1.1631508098056809,3.970291913552122,3.828641396489095,0.6931471805599453,6.1,0
5.25227342804663,31,0.7419373447293773,2.772588722239781,3.295836866004329,0.26236426446749106,7.9,1
5.272999558563747,52,0.4700036292457356,2.5649493574615367,2.3978952727983707,0.09531017980432487,6.9,0
5.170483995038151,31,0.4700036292457356,3.5553480614894135,3.8918202981106265,0.09531017980432487,6.0,1
5.056245805348308,52,0.6418538861723948,3.8066624897703196,3.58351893845611,0.18232155679395462,4.9,1
5.60947179518496,74,0.4700036292457356,4.59511985013459,3.2188758248682006,0.09531017980432487,5.0,1
5.44673737166631,40,1.0647107369924282,4.02535169073515,2.833213344056216,0.6931471805599453,4.3,1
5.049856007249537,55,0.5877866649021191,2.8903717578961645,3.091042453358316,0.18232155679395462,6.9,1
6.212606095751519,33,0.7884573603642702,3.258096538021482,3.367295829986474,0.26236426446749106,7.0,1
5.170483995038151,48,0.6418538861723948,4.007333185232471,3.2188758248682006,0.18232155679395462,5.5,0
5.170483995038151,51,0.5877866649021191,3.1354942159291497,3.8918202981106265,0.18232155679395462,8.1,1
5.583496308781699,47,0.6418538861723948,3.367295829986474,3.713572066704308,0.18232155679395462,8.0,1
4.948759890378168,45,0.5877866649021191,3.044522437723423,3.2188758248682006,0.18232155679395462,6.3,0
5.272999558563747,63,0.6418538861723948,3.828641396489095,3.970291913552122,0.18232155679395462,6.0,0
5.111987788356544,33,0.9555114450274365,3.1780538303479458,2.772588722239781,0.4054651081081644,7.3,0
5.673323267171493,55,0.5877866649021191,4.477336814478207,4.941642422609304,0.18232155679395462,7.0,1
5.278114659230518,54,1.1631508098056809,4.564348191467836,4.02535169073515,0.7884573603642702,6.0,1
5.153291594497779,58,0.5306282510621704,3.1354942159291497,3.332204510175204,0.09531017980432487,6.7,1
5.739792912179234,14,0.6418538861723948,2.833213344056216,3.091042453358316,0.26236426446749106,8.1,0
5.081404364984463,22,1.308332819650179,4.852030263919617,4.418840607796598,0.6931471805599453,5.5,0
5.198497031265826,51,0.5306282510621704,3.332204510175204,3.258096538021482,0.09531017980432487,6.1,1
5.278114659230518,56,0.6931471805599453,3.367295829986474,3.1354942159291497,0.26236426446749106,5.8,0
5.017279836814924,48,0.5877866649021191,3.1780538303479458,3.258096538021482,0.18232155679395462,7.5,1
5.5254529391317835,75,1.33500106673234,3.4011973816621555,3.1780538303479458,0.832909122935104,2.7,1
4.1588830833596715,30,0.5306282510621704,3.332204510175204,3.4657359027997265,0.18232155679395462,5.8,1
5.700443573390686,64,0.8754687373538999,4.430816798843313,3.4657359027997265,0.4054651081081644,7.2,1
5.342334251964811,46,1.0296194171811583,2.70805020110221,2.995732273553991,0.5306282510621704,7.6,1
5.099866427824199,26,0.6931471805599453,4.276666119016055,3.8918202981106265,0.26236426446749106,7.1,0
5.583496308781699,65,0.5306282510621704,3.367295829986474,3.4339872044851463,0.18232155679395462,5.2,0
5.176149732573829,40,0.5306282510621704,3.784189633918261,3.367295829986474,0.18232155679395462,5.3,0
5.176149732573829,32,0.4700036292457356,3.367295829986474,3.6888794541139363,0.09531017980432487,6.0,1
5.111987788356544,66,0.5877866649021191,3.4965075614664802,3.1354942159291497,0.18232155679395462,4.4,1
5.209486152841421,58,0.6931471805599453,3.044522437723423,2.70805020110221,0.33647223662121295,6.8,1
5.159055299214529,62,0.5306282510621704,3.8712010109078907,3.8501476017100584,0.18232155679395462,7.3,0
5.883322388488279,70,0.832909122935104,2.70805020110221,2.995732273553991,0.33647223662121295,6.1,1
5.1647859739235145,60,0.5306282510621704,2.70805020110221,3.4965075614664802,0.18232155679395462,7.8,0
4.795790545596741,26,0.4700036292457356,3.9512437185814275,3.828641396489095,0.18232155679395462,7.9,1
5.225746673713202,38,0.5877866649021191,3.091042453358316,3.258096538021482,0.18232155679395462,7.0,1
5.14166355650266,45,0.5306282510621704,2.70805020110221,3.091042453358316,0.18232155679395462,5.7,1
5.673323267171493,46,0.4700036292457356,3.091042453358316,3.295836866004329,0.18232155679395462,6.0,1
5.2832037287379885,72,0.5306282510621704,3.58351893845611,3.044522437723423,0.09531017980432487,5.8,1
5.0689042022202315,35,0.6418538861723948,2.833213344056216,3.044522437723423,0.26236426446749106,8.0,1
5.247024072160486,51,1.3609765531356006,4.836281906951478,4.394449154672439,0.7884573603642702,6.2,1
5.293304824724492,31,0.5877866649021191,3.4657359027997265,3.784189633918261,0.18232155679395462,7.3,1
5.3471075307174685,49,1.0986122886681096,3.4965075614664802,3.8918202981106265,0.4700036292457356,5.7,0
5.267858159063328,53,0.5877866649021191,4.060443010546419,4.574710978503383,0.18232155679395462,6.7,1
5.375278407684165,37,1.0296194171811583,4.07753744390572,3.9889840465642745,0.5877866649021191,6.4,1
5.529429087511423,52,1.308332819650179,3.713572066704308,3.044522437723423,0.8754687373538999,6.0,1
5.332718793265369,49,0.832909122935104,3.258096538021482,3.4339872044851463,0.33647223662121295,6.0,0
5.209486152841421,46,0.5877866649021191,3.713572066704308,3.044522437723423,0.18232155679395462,6.0,1
5.209486152841421,44,0.6418538861723948,4.418840607796598,3.4011973816621555,0.18232155679395462,7.1,0
5.4680601411351315,47,0.5877866649021191,2.639057329615259,2.3978952727983707,0.18232155679395462,6.7,0
4.51085950651685,28,0.6931471805599453,4.6913478822291435,2.9444389791664403,0.26236426446749106,6.8,0
5.327876168789581,36,0.9932517730102834,3.5553480614894135,3.6109179126442243,0.4054651081081644,7.1,1
5.420534999272286,55,0.5877866649021191,3.1780538303479458,2.70805020110221,0.18232155679395462,6.1,0
6.318968113746434,48,1.2237754316221157,4.304065093204169,4.955827057601261,0.7419373447293773,7.5,1
4.983606621708336,68,0.5306282510621704,3.1354942159291497,3.044522437723423,0.09531017980432487,5.8,1
5.375278407684165,31,0.5877866649021191,3.091042453358316,2.772588722239781,0.18232155679395462,7.6,1
5.4680601411351315,16,1.2809338454620645,4.51085950651685,4.882801922586371,0.7884573603642702,5.4,1
6.364750756851911,41,1.308332819650179,4.23410650459726,4.962844630259907,0.832909122935104,8.0,1
4.875197323201151,25,0.5877866649021191,3.7612001156935624,3.1780538303479458,0.09531017980432487,8.0,1
5.389071729816501,24,0.5306282510621704,3.295836866004329,3.8712010109078907,0.18232155679395462,6.6,1
5.332718793265369,75,0.6418538861723948,3.5263605246161616,3.8066624897703196,0.18232155679395462,6.2,1
5.081404364984463,46,0.5877866649021191,3.713572066704308,3.4657359027997265,0.18232155679395462,7.3,1
4.852030263919617,42,0.5877866649021191,3.4339872044851463,3.4011973816621555,0.18232155679395462,4.9,1
5.111987788356544,42,0.6418538861723948,3.4011973816621555,3.295836866004329,0.18232155679395462,8.5,0
4.983606621708336,17,0.5306282510621704,3.6109179126442243,2.9444389791664403,0.18232155679395462,7.2,0
5.942799375126701,15,0.5877866649021191,4.204692619390966,3.258096538021482,0.18232155679395462,6.1,1
5.332718793265369,50,0.5306282510621704,2.8903717578961645,2.9444389791664403,0.18232155679395462,8.4,0
5.332718793265369,47,1.5040773967762742,3.4657359027997265,3.4965075614664802,0.9555114450274365,6.8,1
4.983606621708336,64,0.7419373447293773,3.2188758248682006,3.044522437723423,0.4054651081081644,5.5,0
5.552959584921617,48,1.4350845252893227,4.762173934797756,3.5263605246161616,0.9555114450274365,5.7,1
5.0689042022202315,49,0.5877866649021191,2.772588722239781,2.995732273553991,0.18232155679395462,6.6,0
5.43372200355424,18,0.5877866649021191,4.007333185232471,4.02535169073515,0.18232155679395462,6.9,1
5.043425116919247,42,0.6931471805599453,3.091042453358316,3.6635616461296463,0.26236426446749106,6.8,0
5.075173815233827,25,0.6418538861723948,3.258096538021482,3.2188758248682006,0.26236426446749106,6.9,0
5.198497031265826,56,0.7419373447293773,3.7612001156935624,3.4339872044851463,0.4054651081081644,6.9,0
5.278114659230518,62,0.7884573603642702,4.007333185232471,3.6635616461296463,0.33647223662121295,6.3,1
5.902633333401366,70,1.308332819650179,4.02535169073515,4.143134726391533,0.7884573603642702,6.0,1
5.575949103146316,48,0.8754687373538999,4.204692619390966,3.6635616461296463,0.4700036292457356,5.8,1
5.564520407322694,65,0.8754687373538999,3.2188758248682006,3.367295829986474,0.4700036292457356,5.2,0
5.1647859739235145,30,0.5877866649021191,3.8712010109078907,3.091042453358316,0.18232155679395462,4.6,1
5.135798437050262,41,0.6418538861723948,2.9444389791664403,3.1354942159291497,0.18232155679395462,6.1,0
4.912654885736052,33,0.5877866649021191,3.4011973816621555,3.4339872044851463,0.18232155679395462,7.2,0
5.1298987149230735,66,1.3609765531356006,3.6635616461296463,3.091042453358316,0.832909122935104,5.5,1
5.375278407684165,28,0.6418538861723948,3.367295829986474,3.9318256327243257,0.18232155679395462,8.0,1
5.973809611869261,65,0.5306282510621704,3.4339872044851463,3.044522437723423,0.09531017980432487,5.3,1
5.298317366548036,65,0.5306282510621704,3.1354942159291497,2.995732273553991,0.18232155679395462,6.3,0
5.0689042022202315,42,0.5877866649021191,3.1780538303479458,3.332204510175204,0.18232155679395462,6.7,0
5.313205979041787,20,0.4700036292457356,2.639057329615259,2.5649493574615367,0.18232155679395462,6.1,0
5.187385805840755,64,0.5877866649021191,2.9444389791664403,2.8903717578961645,0.18232155679395462,6.3,1
5.209486152841421,30,0.5877866649021191,4.060443010546419,3.8501476017100584,0.18232155679395462,7.8,0
5.808142489980444,30,0.9555114450274365,4.941642422609304,4.442651256490317,0.33647223662121295,5.6,1
5.2832037287379885,40,0.6418538861723948,3.8918202981106265,4.248495242049359,0.26236426446749106,6.8,1
5.375278407684165,55,0.7419373447293773,2.772588722239781,3.091042453358316,0.26236426446749106,6.2,0
5.147494476813453,60,1.2809338454620645,3.6375861597263857,3.7612001156935624,0.7884573603642702,5.4,1
4.976733742420574,48,0.6931471805599453,2.70805020110221,2.9444389791664403,0.8754687373538999,8.3,1
5.2574953720277815,23,0.7419373447293773,3.7376696182833684,3.6375861597263857,0.4054651081081644,7.7,0
5.241747015059643,58,0.9932517730102834,4.442651256490317,4.110873864173311,0.5877866649021191,5.9,0
5.147494476813453,40,0.4700036292457356,2.8903717578961645,3.044522437723423,0.09531017980432487,5.4,1
4.983606621708336,38,0.5877866649021191,3.1780538303479458,2.995732273553991,0.18232155679395462,6.1,0
5.713732805509369,12,0.5877866649021191,4.219507705176107,3.8712010109078907,0.18232155679395462,6.7,0
5.056245805348308,29,0.5877866649021191,2.772588722239781,2.5649493574615367,0.18232155679395462,6.8,0
5.003946305945459,72,0.5877866649021191,3.58351893845611,3.1780538303479458,0.18232155679395462,6.0,1
5.739792912179234,48,0.6931471805599453,4.04305126783455,3.6375861597263857,0.26236426446749106,5.9,1
5.442417710521793,49,0.6931471805599453,4.07753744390572,3.8918202981106265,0.26236426446749106,8.4,1
4.983606621708336,56,0.5306282510621704,3.1780538303479458,3.295836866004329,0.09531017980432487,7.0,0
5.308267697401205,60,1.0296194171811583,3.258096538021482,3.828641396489095,0.4054651081081644,3.9,0
5.170483995038151,50,0.7419373447293773,2.995732273553991,3.044522437723423,0.26236426446749106,7.1,0
5.293304824724492,35,0.5877866649021191,3.4965075614664802,3.6109179126442243,0.18232155679395462,7.0,0
5.293304824724492,38,0.7419373447293773,5.017279836814924,4.465908118654584,0.26236426446749106,6.3,1
4.836281906951478,37,0.5877866649021191,3.6888794541139363,3.7376696182833684,0.18232155679395462,6.4,1
5.575949103146316,45,1.33500106673234,4.189654742026425,4.060443010546419,0.9932517730102834,5.1,1
5.755742213586912,45,0.9932517730102834,3.6635616461296463,2.5649493574615367,0.5877866649021191,6.3,1
5.602118820879701,45,0.4700036292457356,3.7612001156935624,3.1780538303479458,0.09531017980432487,5.1,0
5.241747015059643,39,0.4700036292457356,3.784189633918261,3.367295829986474,0.18232155679395462,8.1,1
4.663439094112067,38,1.308332819650179,3.091042453358316,3.258096538021482,0.8754687373538999,7.5,0
5.831882477283517,22,1.2237754316221157,3.091042453358316,3.258096538021482,0.6931471805599453,8.3,1
5.099866427824199,61,0.5877866649021191,2.995732273553991,2.9444389791664403,0.18232155679395462,6.3,0
5.327876168789581,27,0.6931471805599453,4.983606621708336,4.927253685157205,0.18232155679395462,6.0,1
5.19295685089021,27,0.7884573603642702,3.6888794541139363,4.1588830833596715,0.33647223662121295,6.1,0
5.293304824724492,22,0.5877866649021191,3.295836866004329,3.044522437723423,0.18232155679395462,6.8,1
5.030437921392435,42,0.5306282510621704,4.406719247264253,3.58351893845611,0.18232155679395462,6.2,1
5.111987788356544,29,0.5306282510621704,4.477336814478207,4.02535169073515,0.18232155679395462,7.5,1
4.948759890378168,25,0.5306282510621704,3.258096538021482,3.4965075614664802,0.09531017980432487,7.6,0
5.278114659230518,26,1.0986122886681096,4.189654742026425,3.2188758248682006,0.6418538861723948,7.8,1
5.389071729816501,50,0.9555114450274365,3.044522437723423,2.9444389791664403,0.5877866649021191,5.9,1
5.288267030694535,42,0.5306282510621704,3.5263605246161616,4.174387269895637,0.18232155679395462,5.8,0
6.3784261836515865,48,0.9555114450274365,4.736198448394496,4.31748811353631,0.6931471805599453,7.3,1
5.293304824724492,35,0.5306282510621704,3.4339872044851463,3.7612001156935624,0.18232155679395462,6.8,1
5.739792912179234,46,1.7404661748405044,4.51085950651685,4.143134726391533,1.1631508098056809,6.4,1
4.962844630259907,26,0.4700036292457356,3.4965075614664802,2.5649493574615367,0.18232155679395462,5.7,1
5.262690188904886,61,0.5877866649021191,3.58351893845611,3.367295829986474,0.18232155679395462,6.9,0
5.209486152841421,36,0.5877866649021191,3.5553480614894135,3.4657359027997265,0.18232155679395462,6.4,0
5.247024072160486,32,0.5306282510621704,3.784189633918261,3.1354942159291497,0.18232155679395462,7.4,0
5.1298987149230735,33,0.5306282510621704,3.5263605246161616,3.58351893845611,0.09531017980432487,7.0,1
6.19644412779452,34,1.547562508716013,4.5217885770490405,4.7535901911063645,1.1314021114911006,6.5,1
5.993961427306569,70,0.9932517730102834,3.8066624897703196,4.04305126783455,0.4054651081081644,5.7,1
5.081404364984463,29,0.7884573603642702,3.1354942159291497,3.044522437723423,0.33647223662121295,6.2,0
5.1298987149230735,42,0.5877866649021191,2.9444389791664403,3.258096538021482,0.18232155679395462,6.2,1
5.517452896464707,64,1.3862943611198906,3.713572066704308,3.8501476017100584,0.8754687373538999,6.5,1
6.418364935936212,32,1.547562508716013,4.48863636973214,3.9318256327243257,0.9555114450274365,6.2,1
6.3561076606958915,13,0.9162907318741551,3.2188758248682006,3.4011973816621555,0.4054651081081644,7.9,1
4.584967478670572,52,1.0296194171811583,4.3694478524670215,4.454347296253507,0.5877866649021191,6.4,1
5.442417710521793,39,0.9555114450274365,4.31748811353631,4.48863636973214,0.5877866649021191,8.0,0
5.476463551931511,53,0.6418538861723948,2.70805020110221,2.8903717578961645,0.33647223662121295,6.6,1
5.351858133476067,53,0.6418538861723948,3.4965075614664802,3.58351893845611,0.18232155679395462,8.0,0
5.342334251964811,85,0.6931471805599453,2.772588722239781,2.8903717578961645,0.26236426446749106,7.0,0
6.154858094016418,57,0.8754687373538999,4.48863636973214,4.143134726391533,0.5306282510621704,5.6,1
5.75890177387728,18,0.832909122935104,3.091042453358316,2.3978952727983707,0.5306282510621704,6.0,0
5.598421958998375,14,0.8754687373538999,3.828641396489095,4.07753744390572,0.4054651081081644,6.7,1
5.327876168789581,29,0.5877866649021191,3.1780538303479458,3.4339872044851463,0.18232155679395462,8.2,1
5.645446897643238,50,0.7884573603642702,3.4965075614664802,3.6109179126442243,0.33647223662121295,7.2,1
5.739792912179234,64,0.6418538861723948,4.07753744390572,4.127134385045092,0.26236426446749106,7.0,0
6.180016653652572,30,0.832909122935104,4.394449154672439,4.634728988229636,0.33647223662121295,6.9,1
4.859812404361672,20,0.7419373447293773,3.4339872044851463,3.044522437723423,0.4054651081081644,3.9,0
5.303304908059076,72,0.9932517730102834,3.6375861597263857,3.367295829986474,0.5877866649021191,6.2,1
5.707110264748875,22,0.5877866649021191,3.713572066704308,4.060443010546419,0.18232155679395462,7.9,0
5.204006687076795,54,0.5877866649021191,3.044522437723423,3.58351893845611,0.18232155679395462,5.5,1
5.3981627015177525,55,0.4700036292457356,3.4965075614664802,3.2188758248682006,0.18232155679395462,5.1,1
5.262690188904886,47,0.6418538861723948,3.2188758248682006,3.6635616461296463,0.18232155679395462,7.3,1
5.3706380281276624,55,1.4586150226995167,5.030437921392435,4.007333185232471,0.9162907318741551,5.1,1
5.645446897643238,75,0.6418538861723948,3.1780538303479458,3.258096538021482,0.18232155679395462,4.4,1
5.087596335232384,34,0.4700036292457356,2.995732273553991,2.772588722239781,0.09531017980432487,6.6,1
5.111987788356544,48,0.5306282510621704,3.4339872044851463,3.4965075614664802,0.18232155679395462,8.0,0
5.278114659230518,37,0.832909122935104,3.6635616461296463,3.7376696182833684,0.33647223662121295,5.3,1
5.247024072160486,24,0.6931471805599453,3.4657359027997265,3.970291913552122,0.18232155679395462,8.0,1
5.771441123130016,45,1.1631508098056809,3.8918202981106265,3.6375861597263857,0.9555114450274365,6.8,1
5.081404364984463,62,0.4700036292457356,4.709530201312334,3.7612001156935624,0.09531017980432487,4.9,0
6.008813185442595,65,0.5306282510621704,3.828641396489095,3.2188758248682006,0.18232155679395462,7.2,0
5.655991810819852,40,1.5260563034950494,4.110873864173311,3.9318256327243257,1.0296194171811583,7.0,1
5.241747015059643,50,0.5306282510621704,2.70805020110221,2.5649493574615367,0.18232155679395462,7.0,1
5.176149732573829,37,0.5306282510621704,3.5553480614894135,3.367295829986474,0.18232155679395462,5.6,1
5.030437921392435,78,0.6931471805599453,4.2626798770413155,3.367295829986474,0.26236426446749106,6.3,1
5.030437921392435,38,0.5306282510621704,3.091042453358316,4.51085950651685,0.09531017980432487,7.1,0
5.075173815233827,49,0.7419373447293773,3.4657359027997265,3.4339872044851463,0.4054651081081644,7.0,1
5.278114659230518,72,1.589235205116581,4.0943445622221,3.332204510175204,1.0986122886681096,7.3,1
5.351858133476067,45,1.3609765531356006,4.23410650459726,4.31748811353631,0.8754687373538999,7.2,1
5.209486152841421,53,0.5306282510621704,3.5263605246161616,3.044522437723423,0.09531017980432487,4.8,1
5.087596335232384,27,0.4700036292457356,3.367295829986474,3.332204510175204,0.18232155679395462,3.7,0
5.159055299214529,26,0.832909122935104,4.143134726391533,3.6635616461296463,0.33647223662121295,8.0,1
4.962844630259907,48,0.5877866649021191,3.258096538021482,3.295836866004329,0.18232155679395462,6.0,1
5.093750200806762,62,0.5306282510621704,2.8903717578961645,2.5649493574615367,0.18232155679395462,8.2,0
5.996452088619021,8,0.6418538861723948,4.07753744390572,3.258096538021482,0.18232155679395462,7.5,1
4.990432586778736,69,0.5877866649021191,4.2626798770413155,3.7612001156935624,0.18232155679395462,8.4,0
5.5053315359323625,45,0.4700036292457356,3.2188758248682006,3.1354942159291497,0.18232155679395462,7.1,1
4.61512051684126,66,0.4700036292457356,5.003946305945459,2.8903717578961645,0.18232155679395462,5.0,0
5.0689042022202315,58,0.6931471805599453,3.784189633918261,3.6375861597263857,0.4054651081081644,7.2,1
5.198497031265826,45,0.5306282510621704,4.07753744390572,2.9444389791664403,0.18232155679395462,6.7,0
5.236441962829949,57,0.6931471805599453,3.1780538303479458,2.995732273553991,0.26236426446749106,5.2,0
6.385194398997726,11,0.5306282510621704,3.4011973816621555,3.295836866004329,0.09531017980432487,7.1,0
4.948759890378168,43,0.6418538861723948,3.4011973816621555,2.5649493574615367,0.26236426446749106,7.4,1
5.1647859739235145,24,1.4586150226995167,3.5263605246161616,2.4849066497880004,0.9555114450274365,7.6,0
5.389071729816501,49,0.4700036292457356,3.9889840465642745,3.9318256327243257,0.09531017980432487,5.0,1
5.187385805840755,18,1.0296194171811583,3.6109179126442243,3.58351893845611,0.5306282510621704,6.8,1
5.2832037287379885,61,0.9162907318741551,4.454347296253507,4.127134385045092,0.4700036292457356,6.7,0
5.262690188904886,50,0.5306282510621704,3.7376696182833684,3.044522437723423,0.09531017980432487,7.3,1
5.480638923341991,50,0.6931471805599453,3.6888794541139363,2.833213344056216,0.4054651081081644,7.5,1
6.111467339502679,50,1.6486586255873816,3.9318256327243257,4.248495242049359,1.1939224684724346,7.0,1
6.396929655216146,60,1.916922612182061,4.204692619390966,3.784189633918261,1.308332819650179,5.4,1
5.093750200806762,75,0.6418538861723948,3.044522437723423,3.258096538021482,0.18232155679395462,6.9,1
4.9344739331306915,22,0.7419373447293773,3.091042453358316,2.70805020110221,0.26236426446749106,7.0,0
5.645446897643238,18,0.5877866649021191,4.948759890378168,4.290459441148391,0.18232155679395462,5.5,1
5.225746673713202,49,0.4700036292457356,3.295836866004329,2.8903717578961645,0.09531017980432487,6.6,0
5.2574953720277815,50,0.6931471805599453,3.4657359027997265,3.1354942159291497,0.26236426446749106,7.8,0
5.313205979041787,17,0.6418538861723948,2.995732273553991,3.1354942159291497,0.26236426446749106,7.4,0
5.278114659230518,37,0.5877866649021191,3.713572066704308,4.110873864173311,0.18232155679395462,8.2,0
5.560681631015528,57,0.832909122935104,4.465908118654584,3.713572066704308,0.33647223662121295,6.5,1
5.198497031265826,58,0.5877866649021191,3.258096538021482,3.4965075614664802,0.18232155679395462,8.2,0
4.983606621708336,61,0.5306282510621704,3.7376696182833684,3.9889840465642745,0.18232155679395462,5.8,1
6.137727054086234,32,0.6418538861723948,4.418840607796598,4.2626798770413155,0.26236426446749106,6.2,1
5.1298987149230735,45,1.2237754316221157,3.9318256327243257,3.5263605246161616,0.7419373447293773,5.1,1
5.225746673713202,72,0.5306282510621704,3.1354942159291497,2.833213344056216,0.18232155679395462,7.3,0
4.762173934797756,55,0.6418538861723948,2.833213344056216,3.6109179126442243,0.18232155679395462,6.2,0
5.929589143389895,75,1.252762968495368,4.23410650459726,4.454347296253507,0.7884573603642702,6.4,1
5.313205979041787,22,0.4700036292457356,3.7376696182833684,4.3694478524670215,0.18232155679395462,8.0,1
5.736572297479192,28,0.5877866649021191,3.1780538303479458,4.02535169073515,0.18232155679395462,6.8,1
5.231108616854587,21,0.4700036292457356,3.1354942159291497,3.258096538021482,0.09531017980432487,6.8,1
5.5053315359323625,52,0.5877866649021191,3.912023005428146,3.8918202981106265,0.18232155679395462,6.4,1
4.709530201312334,26,0.4700036292457356,3.044522437723423,2.772588722239781,0.09531017980432487,2.8,1
5.739792912179234,38,0.6418538861723948,3.258096538021482,2.772588722239781,0.26236426446749106,5.5,1
4.983606621708336,36,1.840549633397487,4.532599493153256,3.4965075614664802,1.1939224684724346,5.1,0
4.634728988229636,72,0.4700036292457356,3.58351893845611,3.4657359027997265,0.09531017980432487,6.3,1
5.3230099791384085,40,0.7884573603642702,3.332204510175204,3.1780538303479458,0.4700036292457356,7.6,1
5.099866427824199,45,1.252762968495368,3.1354942159291497,3.367295829986474,0.7884573603642702,7.6,1
5.14166355650266,65,0.6418538861723948,4.204692619390966,3.5263605246161616,0.18232155679395462,7.0,1
5.075173815233827,28,0.4700036292457356,2.833213344056216,2.772588722239781,0.18232155679395462,7.0,0
6.037870919922137,16,0.5306282510621704,3.58351893845611,3.367295829986474,0.18232155679395462,7.2,0
5.375278407684165,75,0.8754687373538999,3.4339872044851463,3.9318256327243257,0.33647223662121295,5.9,1
5.442417710521793,60,1.3609765531356006,3.8066624897703196,3.4965075614664802,0.832909122935104,5.6,1
5.3706380281276624,74,0.7419373447293773,3.4339872044851463,3.1354942159291497,0.33647223662121295,8.1,1
5.19295685089021,22,0.6418538861723948,3.091042453358316,2.9444389791664403,0.26236426446749106,6.7,0
5.081404364984463,51,0.5877866649021191,3.044522437723423,3.5553480614894135,0.18232155679395462,6.9,1
5.572154032177765,30,0.5306282510621704,2.9444389791664403,2.772588722239781,0.18232155679395462,9.6,1
4.6443908991413725,62,1.791759469228055,3.713572066704308,2.9444389791664403,1.1314021114911006,5.0,1
5.75890177387728,28,0.6418538861723948,3.1780538303479458,3.258096538021482,0.18232155679395462,8.5,1
5.389071729816501,48,0.5877866649021191,3.367295829986474,3.4965075614664802,0.18232155679395462,5.2,0
5.739792912179234,38,1.1631508098056809,3.7612001156935624,4.787491742782046,0.6931471805599453,7.9,0
5.327876168789581,37,0.5877866649021191,3.6109179126442243,3.4657359027997265,0.18232155679395462,9.2,0
5.908082938168931,51,0.5877866649021191,2.9444389791664403,3.7612001156935624,0.18232155679395462,5.2,1
5.424950017481403,35,1.0986122886681096,4.912654885736052,3.5263605246161616,0.7419373447293773,6.0,0
5.556828061699537,65,0.7419373447293773,3.713572066704308,3.8918202981106265,0.26236426446749106,7.0,0
6.180016653652572,51,1.3609765531356006,3.5553480614894135,3.1354942159291497,0.832909122935104,7.0,1
5.0689042022202315,30,0.5877866649021191,3.1354942159291497,3.258096538021482,0.18232155679395462,7.9,0
5.25227342804663,35,0.6418538861723948,3.044522437723423,3.258096538021482,0.18232155679395462,6.4,0
5.030437921392435,50,0.5877866649021191,3.4339872044851463,3.4011973816621555,0.18232155679395462,7.4,1
5.342334251964811,48,0.5306282510621704,3.4339872044851463,2.772588722239781,0.18232155679395462,4.6,0
5.198497031265826,27,0.6931471805599453,4.718498871295094,4.04305126783455,0.26236426446749106,6.8,0
5.293304824724492,70,1.410986973710262,3.367295829986474,3.713572066704308,0.9555114450274365,5.6,1
5.111987788356544,45,0.5877866649021191,2.9444389791664403,3.1354942159291497,0.18232155679395462,8.2,1
6.240275845170769,45,1.4350845252893227,4.07753744390572,3.9318256327243257,0.8754687373538999,6.0,1
5.7899601708972535,48,0.5306282510621704,2.8903717578961645,3.4011973816621555,0.18232155679395462,8.7,1
5.700443573390686,58,0.5877866649021191,4.0943445622221,3.5263605246161616,0.18232155679395462,6.2,1
5.062595033026967,26,1.0986122886681096,4.23410650459726,4.007333185232471,0.6418538861723948,6.1,1
5.198497031265826,38,0.9932517730102834,3.5553480614894135,2.9444389791664403,0.6931471805599453,7.2,1
4.927253685157205,28,0.4700036292457356,2.833213344056216,3.1354942159291497,0.09531017980432487,4.9,0
6.415096959171596,51,1.1631508098056809,3.367295829986474,2.8903717578961645,0.6931471805599453,7.3,1
5.241747015059643,75,0.5877866649021191,3.4011973816621555,3.044522437723423,0.18232155679395462,4.4,1
5.4638318050256105,37,0.5306282510621704,4.007333185232471,4.574710978503383,0.18232155679395462,9.5,1
5.332718793265369,17,0.4054651081081644,3.091042453358316,3.367295829986474,0.09531017980432487,7.1,0
5.41610040220442,17,0.6418538861723948,3.828641396489095,3.6109179126442243,0.18232155679395462,6.9,1
5.59895135916278,38,0.7380128614268762,4.583722140980869,4.06446131562524,0.25281526646277863,6.759774516421548,0
5.696092439415578,18,0.7817669474978461,3.0273468000947035,2.421437240208396,0.48154340011890046,6.014092422497476,0
5.063864362220071,42,0.6086272930085483,3.1608427172706484,3.3977479521156866,0.19815424604040194,6.7197803019245965,0
5.154085643419142,45,0.8058542847856366,3.7612001156935624,3.8573051309848068,0.44206999140728476,5.562724678160114,0
5.511677740547676,38,0.5891682640237423,4.515372551401633,4.013100034470705,0.18337116189434396,7.398688693660052,0
5.197962661860553,26,0.7159278573650281,3.7572298448025956,4.241536707798404,0.28154631673399,5.963346861577994,0
5.286586974201157,35,0.7326189434207906,3.4157496503263545,3.311404798948718,0.29352598949082503,6.320513727386332,0
5.306805205652466,41,0.6421371337516583,3.218169914018418,3.466828319724458,0.18276356200061816,7.595582306301118,0
5.429431250055651,65,0.5306282510621704,3.263406606500241,3.0369108657630304,0.18232155679395462,6.466084714390649,0
5.160735204420266,61,0.5306282510621704,3.5302318930156584,3.7464806209912203,0.18232155679395462,7.446571328076192,0
5.237879593957365,57,0.7744733739519678,3.520750668146345,3.2979276512311984,0.3505514023441707,5.389694982371309,0
5.19972664330418,48,0.4838702779761044,3.3274359450302655,3.0290129901080385,0.11521226189754136,6.9202215146396755,0
5.092433170560257,60,0.8868827707562825,2.6162731990465646,2.50383437124695,0.5213605897321968,4.82595534826591,0
5.367912035856563,45,0.5122248109324571,3.504295729728579,3.1926871163542794,0.12650077644855284,5.530158874253127,0
6.173312917218668,22,1.1236900829682333,3.7958761899988644,3.44761014191045,0.540805804155371,7.01586905952513,0
5.270312822379716,65,0.5306282510621704,3.1230404911507805,3.0262798612668598,0.18232155679395462,6.31368965741244,0
5.189690644726206,42,0.5877866649021191,3.0948239634524057,3.3752076377374753,0.18232155679395462,6.263691311220709,0
5.68761065577948,13,0.6056774016297245,4.0972871764798215,3.819041904611317,0.18232155679395462,6.898538814911589,0
4.6455414299520275,66,0.4738568301951023,4.8794085573702075,2.9112509344551567,0.18232155679395462,5.088981690400433,0
5.255101989229866,31,0.5306282510621704,3.730305191748792,3.2477629842946873,0.18232155679395462,7.431098232171567,0
5.194758425149381,27,0.7574640794725332,4.023694516616148,4.121216508790823,0.3123735600476,6.327628325418723,0
5.167785775637265,26,0.7626860766036925,3.847813336758744,4.086670956232501,0.31643389881495176,6.370393821661936,0
5.20456026656705,24,0.6418538861723948,3.465572020764927,3.534273109902156,0.21133243816272665,7.218778735677607,0
5.170329864068278,45,0.5370749917978656,3.9610265144809196,2.9753919583291455,0.18232155679395462,6.65488509703053,0
5.1396105702169566,48,0.6304115589142698,3.2270366850736356,3.283073440083838,0.22011891800777342,7.5750065673542455,0
5.298824875235761,20,0.4905559311371828,2.69311214966464,2.610334132610746,0.19189420406103114,6.171756547562981,0
5.132863157970743,25,0.6291596040230225,4.194171785118015,4.072466985980375,0.214460634874637,6.6411916595567915,0
5.479016897917573,17,0.6152470512769478,3.7929202832707802,3.5295839325618013,0.18232155679395462,7.276078504861689,0
5.231322606053649,35,1.4241171197756288,4.745915918823303,3.513263348962279,0.9402335248748295,5.605149477812547,0
5.221388557503807,37,0.5746955121910313,3.5709923537978785,4.202483703816938,0.1623930957459829,7.948063897950016,0
5.1504512678259955,64,0.7172395487727066,2.925369149261789,3.1717389080163834,0.3330268308932848,5.398759119272878,0
5.21324821990486,23,1.0839840723392682,3.6368187250229655,3.087450071388743,0.6679841670384238,7.652273282938199,0
5.019043275332933,27,0.4700036292457356,3.1389536600643857,3.248102790651636,0.14512062406702864,4.21304922203026,0
5.276090848654219,56,0.6943873839268333,3.377308532949905,3.1430816470374783,0.26600176294918026,5.827961039418504,0
4.988659317459205,36,1.6992203462082878,4.395091550616906,3.452761352356696,1.0847794025637156,5.186313141594643,0
5.078524472392986,28,0.4700036292457356,2.8510646198412344,2.798936726031612,0.1795868600696891,6.996857081431327,0
5.329897212093977,55,0.6548391940028803,3.2984894091662817,2.980080022370464,0.2332615693031365,5.9090768766208654,0
5.087352971584754,56,0.67702282668011,3.0696511609648716,3.1891195586742684,0.2372023605687709,5.514355981076327,0
5.197787065677407,65,0.5306282510621704,3.0907880178419913,3.1053915547473867,0.18232155679395462,6.34914293088353,0
5.349255762833223,60,0.582503311166101,2.8903717578961645,3.158431095692749,0.18232155679395462,6.475623699540423,0
5.209456586958807,25,0.5493916697570516,3.9141703037345152,4.431319057556845,0.15543000653433453,5.649575337489325,0
5.154237639231158,63,0.6829264284425246,3.578404018840821,3.5903719300043777,0.27389585963883106,5.794808538482185,0
5.24352723013707,41,0.6543924735858078,3.187627102746406,3.5140941805236006,0.20188790555268218,7.404440910834438,0
5.190400420210873,27,0.7155957308903871,3.623058323692141,4.033509657546674,0.2812948004353225,6.283038532393298,0
5.570912679391303,64,0.734232929114307,3.7415900886220754,3.9099347553042865,0.26236426446749106,7.0,0
5.227889254428967,30,0.5712249314457475,3.9301924603080542,3.747679886240998,0.18232155679395462,7.713074564125869,0
5.109744424637373,28,0.5721957919554083,3.7298036052106385,4.000696824713233,0.1341906370411669,5.345099158528604,0
4.808458263236559,55,0.6380528335857809,2.8574564398098534,3.547444192898732,0.18232155679395462,6.192969765234257,0
5.071541915881392,28,0.49260379342123317,2.821580714633028,2.732746959738646,0.18232155679395462,6.961624075912884,0
5.437653839709418,37,1.2551205731844108,4.6034085896517105,3.8856494854744072,0.6508102705971373,5.670063380859381,0
5.024418253770299,38,0.5379753598429635,3.1022268444035173,4.316105946201287,0.10649457084952588,6.971460590187718,0
5.080892370083888,28,0.5646625661351837,2.896002154787408,2.770302191529388,0.16523879386343243,6.819632792310088,0
5.277666770175518,35,0.5877866649021191,3.5074854370206427,3.583831296518343,0.18232155679395462,6.888057964668379,0
4.998011967312214,21,0.5367694082898588,3.340718754333525,3.4104471839932438,0.18232155679395462,6.561161502265033,0
5.38889846824234,54,0.6126931498383348,3.324752012178606,3.1113416669245937,0.18232155679395462,6.975249740360264,0
5.8076215749314475,6,0.48167749701594564,3.4276732012901534,3.592752619526386,0.09531017980432487,5.242887643122656,0
5.148983594035907,41,0.6362358314934516,2.954838521244257,3.163103086486679,0.18232155679395462,6.089609129992349,0
5.192011554264388,61,0.5488048252871539,3.779717112181117,3.6965990604056373,0.18232155679395462,7.172798610011254,0
5.344968789262598,60,0.5877866649021191,2.9019668854135365,3.188673521837417,0.18232155679395462,6.3,0
5.0030489395867495,36,1.5550009025469698,4.340286028914935,3.4747830201408796,0.9633430502414239,5.305141646287748,0
5.188184647180089,27,0.6524432914864524,3.5660082003216376,3.924842891051188,0.23347004383359232,6.441686230901005,0
5.078120003809369,69,0.577384677579957,4.099733201648775,3.6125616490772634,0.18232155679395462,7.926838391398483,0
4.605854805830125,27,0.7064209737110266,4.551734688941608,3.113573901225204,0.27268523852539506,6.70251140827944,0
5.075042225238406,28,0.47082247228397867,2.8327918737719444,2.7711451862724292,0.18232155679395462,6.998609573893762,0
5.031558043230925,45,0.7077134886935744,3.3951589248527605,3.5579999526679087,0.3230707867410646,5.957523111804296,0
5.090165026435028,27,0.49530901345364897,3.5218939244994942,3.598549213315363,0.14600205063935667,4.326116504723169,0
5.26724640632222,61,0.6607499839480081,3.7769367183023115,3.536061907761787,0.24621799201790168,6.855578437905854,0
4.83566392765421,55,0.653850426696353,2.8259465514927236,3.5486028497491517,0.19191590535162567,6.2,0
5.005895829974534,45,0.6705437255858039,3.286483694812466,3.452892829040888,0.27944738899451355,6.06366938001746,0
5.281866220948296,41,0.5306282510621704,3.5410800648061898,4.128310180621551,0.18232155679395462,5.77145485195626,0
5.158820333688472,49,0.7528870042546184,3.006561413622912,3.285350550439382,0.2753012461001776,6.30911736118132,0
5.056643427423997,42,0.6384871331346199,3.1361831397255124,3.49165667154874,0.2208388583875146,6.7481209378256635,0
5.267165869623432,49,0.5306282510621704,3.051815239184823,3.1083928814991695,0.18232155679395462,8.281207583558071,0
5.154784587386552,61,0.6322868309215149,4.6167381430117995,3.8942646485548162,0.23155980983883112,5.554533284282729,0
5.303905371641327,17,0.6387153304015458,3.013091531029092,3.130103035062452,0.2601056259635689,7.394356416544192,0
5.279010389835356,33,0.5877866649021191,3.186433474316018,3.3010247849189467,0.18232155679395462,7.969957835953689,0
5.2441979221889445,38,0.7623088533683804,3.4002238039497783,3.272343397816805,0.3349358209988406,5.974108852087317,0
4.923504374453032,21,0.6357013821696632,3.1940031503009907,3.0218447125423635,0.22212267359220159,6.698349103535431,0
5.3597336480152,48,0.9449159383783012,3.4576305540902776,3.772879270060094,0.38344633352185825,5.549560845091615,0
5.131153848213621,55,0.6785367732283464,3.2151675106557525,3.2709141367402346,0.2395648600424498,5.913936197750987,0
