,Age,Gender,Total_Bilirubin,Direct_Bilirubin,Alkaline_Phosphotase,Alamine_Aminotransferase,Aspartate_Aminotransferase,Total_Protiens,Albumin,Albumin_and_Globulin_Ratio,Dataset
355,19,Male,1.4,0.8,178,13,26,8.0,4.6,1.3,2
407,12,Male,1.0,0.2,719,157,108,7.2,3.7,1.0,1
90,60,Male,5.7,2.8,214,412,850,7.3,3.2,0.78,1
402,42,Female,0.5,0.1,162,155,108,8.1,4.0,0.9,1
268,40,Male,14.5,6.4,358,50,75,5.7,2.1,0.5,1
356,33,Male,0.7,0.2,256,21,30,8.5,3.9,0.8,1
110,24,Female,0.7,0.2,188,11,10,5.5,2.3,0.71,2
488,60,Male,0.7,0.2,171,31,26,7.0,3.5,1.0,2
132,18,Female,0.8,0.2,199,34,31,6.5,3.5,1.16,2
497,67,Male,2.2,1.1,198,42,39,7.2,3.0,0.7,1
541,42,Male,0.8,0.2,198,29,19,6.6,3.0,0.8,2
70,19,Female,0.7,0.2,186,166,397,5.5,3.0,1.2,1
281,50,Male,0.7,0.2,192,18,15,7.4,4.2,1.3,2
184,64,Male,1.1,0.4,201,18,19,6.9,4.1,1.4,1
420,55,Female,10.9,5.1,1350,48,57,6.4,2.3,0.5,1
412,65,Male,4.9,2.7,190,33,71,7.1,2.9,0.7,1
296,74,Female,0.9,0.3,234,16,19,7.9,4.0,1.0,1
104,63,Male,0.5,0.1,170,21,28,5.5,2.5,0.8,1
571,90,Male,1.1,0.3,215,46,134,6.9,3.0,0.7,1
181,75,Male,2.9,1.3,218,33,37,3.0,1.5,1.0,1
278,45,Male,2.2,0.8,209,25,20,8.0,4.0,1.0,1
208,70,Female,0.9,0.3,220,53,95,6.1,2.8,0.68,1
2,62,Male,7.3,4.1,490,60,68,7.0,3.3,0.89,1
554,73,Male,1.8,0.9,220,20,43,6.5,3.0,0.8,1
338,75,Male,1.8,0.8,405,79,50,6.1,2.9,0.9,1
63,57,Male,0.7,0.2,208,35,97,5.1,2.1,0.7,1
55,42,Male,8.9,4.5,272,31,61,5.8,2.0,0.5,1
578,60,Male,0.5,0.1,500,20,34,5.9,1.6,0.37,2
350,37,Male,1.8,0.8,145,62,58,5.7,2.9,1.0,1
29,84,Female,0.7,0.2,188,13,21,6.0,3.2,1.1,2
155,34,Male,8.7,4.0,298,58,138,5.8,2.4,0.7,1
422,41,Male,1.2,0.5,246,34,42,6.9,3.4,0.97,1
83,33,Male,2.0,1.0,258,194,152,5.4,3.0,1.25,1
247,55,Male,0.9,0.2,190,25,28,5.9,2.7,0.8,1
82,49,Male,0.7,0.1,148,14,12,5.4,2.8,1.0,2
318,38,Male,3.7,2.2,216,179,232,7.8,4.5,1.3,1
261,33,Male,1.5,7.0,505,205,140,7.5,3.9,1.0,1
244,54,Male,0.8,0.2,218,20,19,6.3,2.5,0.6,1
451,35,Male,0.8,0.2,279,20,25,7.2,3.2,0.8,1
546,45,Male,20.2,11.7,188,47,32,5.4,2.3,0.7,1
361,65,Female,0.7,0.2,182,23,28,6.8,2.9,0.7,2
209,45,Female,0.9,0.3,189,23,33,6.6,3.9,,1
176,55,Male,0.8,0.2,482,112,99,5.7,2.6,0.8,1
10,57,Male,0.6,0.1,210,51,59,5.9,2.7,0.8,1
424,32,Female,0.7,0.1,240,12,15,7.0,3.0,0.7,1
211,42,Male,2.7,1.3,219,60,180,7.0,3.2,0.8,1
6,26,Female,0.9,0.2,154,16,12,7.0,3.5,1.0,1
486,42,Female,0.8,0.2,195,18,15,6.7,3.0,0.8,1
495,32,Male,0.7,0.2,165,31,29,6.1,3.0,0.96,2
259,42,Male,30.5,14.2,285,65,130,5.2,2.1,0.6,1
101,27,Male,0.7,0.2,243,21,23,5.3,2.3,0.7,2
165,48,Male,4.5,2.3,282,13,74,7.0,2.4,0.52,1
72,75,Female,0.8,0.2,205,27,24,4.4,2.0,0.8,1
177,75,Male,14.8,9.0,1020,71,42,5.3,2.2,0.7,1
196,60,Male,2.0,1.1,664,52,104,6.0,2.1,0.53,1
227,68,Female,0.7,0.2,186,18,15,6.4,3.8,1.4,1
545,45,Female,0.7,0.2,153,41,42,4.5,2.2,0.9,2
440,49,Female,0.8,0.2,198,23,20,7.0,4.3,1.5,1
489,65,Male,0.8,0.1,146,17,29,5.9,3.2,1.18,2
436,23,Male,1.0,0.3,212,41,80,6.2,3.1,1.0,1
76,31,Male,0.9,0.2,518,189,17,5.3,2.3,0.7,1
302,50,Female,1.7,0.6,430,28,32,6.8,3.5,1.0,1
265,4,Male,0.9,0.2,348,30,34,8.0,4.0,1.0,2
30,57,Male,4.0,1.9,190,45,111,5.2,1.5,0.4,1
73,52,Male,0.6,0.1,171,22,16,6.6,3.6,1.2,1
331,26,Male,1.7,0.6,210,62,56,5.4,2.2,0.6,1
248,40,Male,0.7,0.1,202,37,29,5.0,2.6,1.0,1
499,55,Male,3.6,1.6,349,40,70,7.2,2.9,0.6,1
396,74,Male,1.0,0.3,175,30,32,6.4,3.4,1.1,1
39,47,Male,2.7,1.3,275,123,73,6.2,3.3,1.1,1
145,65,Male,0.8,0.2,201,18,22,5.4,2.9,1.1,2
535,60,Male,19.6,9.5,466,46,52,6.1,2.0,0.4,1
158,72,Male,0.7,0.1,196,20,35,5.8,2.0,0.5,1
81,29,Male,1.0,0.3,75,25,26,5.1,2.9,1.3,1
370,54,Female,22.6,11.4,558,30,37,7.8,3.4,0.8,1
357,33,Male,2.1,0.7,205,50,38,6.8,3.0,0.7,1
60,31,Female,0.8,0.2,158,21,16,6.0,3.0,1.0,1
78,70,Male,1.4,0.6,146,12,24,6.2,3.8,1.58,2
203,21,Male,1.0,0.3,142,27,21,6.4,3.5,1.2,2
272,21,Male,18.5,9.5,380,390,500,8.2,4.1,1.0,1
513,69,Male,0.9,0.2,215,32,24,6.9,3.0,0.7,1
11,72,Male,2.7,1.3,260,31,56,7.4,3.0,0.6,1
86,13,Male,0.6,0.1,320,28,56,7.2,3.6,1.0,2
447,45,Female,23.3,12.8,1550,425,511,7.7,3.5,0.8,1
353,48,Female,1.4,0.8,621,110,176,7.2,3.9,1.1,1
79,58,Female,2.8,1.3,670,48,79,4.7,1.6,0.5,1
238,35,Female,0.9,0.2,190,40,35,7.3,4.7,1.8,2
235,60,Male,1.5,0.6,360,230,298,4.5,2.0,0.8,1
544,54,Female,5.5,3.2,350,67,42,7.0,3.2,0.8,1
275,26,Male,1.9,0.8,180,22,19,8.2,4.1,1.0,2
140,60,Male,0.6,0.1,186,20,21,6.2,3.3,1.1,2
522,46,Female,0.8,0.2,185,24,15,7.9,3.7,0.8,1
153,52,Male,0.6,0.1,178,26,27,6.5,3.6,1.2,2
199,7,Female,27.2,11.8,1420,790,1050,6.1,2.0,0.4,1
398,38,Male,0.8,0.2,208,25,50,7.1,3.7,1.0,1
533,46,Female,1.4,0.4,298,509,623,3.6,1.0,0.3,1
301,51,Female,0.9,0.2,280,21,30,6.7,3.2,0.8,1
9,55,Male,0.7,0.2,290,53,58,6.8,3.4,1.0,1
480,7,Male,0.5,0.1,352,28,51,7.9,4.2,1.1,2
523,50,Male,0.6,0.2,137,15,16,4.8,2.6,1.1,1
287,43,Male,1.3,0.6,155,15,20,8.0,4.0,1.0,2
569,16,Male,7.7,4.1,268,213,168,7.1,4.0,1.2,1
441,42,Female,2.3,1.1,292,29,39,4.1,1.8,0.7,1
84,32,Male,0.6,0.1,237,45,31,7.5,4.3,1.34,1
498,68,Male,1.8,0.5,151,18,22,6.5,4.0,1.6,1
579,40,Male,0.6,0.1,98,35,31,6.0,3.2,1.1,1
245,54,Male,0.9,0.2,290,15,18,6.1,2.8,0.8,1
277,60,Male,2.0,0.8,190,45,40,6.0,2.8,0.8,1
137,18,Male,0.8,0.2,282,72,140,5.5,2.5,0.8,1
182,65,Male,1.9,0.8,170,36,43,3.8,1.4,0.58,2
148,50,Male,0.9,0.2,202,20,26,7.2,4.5,1.66,1
109,36,Male,0.9,0.1,486,25,34,5.9,2.8,0.9,2
516,60,Male,0.9,0.3,168,16,24,6.7,3.0,0.8,1
305,54,Female,1.4,0.7,195,36,16,7.9,3.7,0.9,2
167,47,Female,3.0,1.5,292,64,67,5.6,1.8,0.47,1
312,27,Male,1.3,0.6,106,25,54,8.5,4.8,,2
329,21,Male,0.7,0.2,211,14,23,7.3,4.1,1.2,2
